Maladie cardiaque
nearest_neighbor, tps, tps_app, balltree, tps, tps_app, naive_bayes, tps, tps_app
70.0,0.050008296966552734,0.9999275207519531,70.0,0.4999876022338867,3.9997100830078125,60.0,2.601957321166992,136.9919776916504,65.0,0.34984350204467773,4.97746467590332,85.0,2.2535324096679688,85.0,13.34693431854248
70.0,0.0499725341796875,0.9975433349609375,70.0,0.4477262496948242,3.9937496185302734,60.0,2.349841594696045,128.0369758605957,65.0,0.299990177154541,3.9675235748291016,85.0,1.9941091537475586,85.0,13.052964210510254
70.0,0.050127506256103516,0.9996891021728516,70.0,0.4516720771789551,3.999948501586914,60.0,4.249668121337891,214.9507999420166,65.0,0.7499933242797852,11.020421981811523,85.0,6.8001389503479,85.0,42.096614837646484
70.0,0.3000497817993164,3.9968490600585938,70.0,1.399850845336914,14.998674392700195,60.0,7.499456405639648,422.9707717895508,65.0,1.0499119758605957,16.00050926208496,85.0,4.101085662841797,85.0,27.34682559967041
70.0,0.04998445510864258,2.000570297241211,70.0,0.7000565528869629,6.997585296630859,60.0,4.399716854095459,241.98174476623535,65.0,0.5498051643371582,6.998777389526367,85.0,3.7507176399230957,85.0,24.197304248809814
70.0,0.04998445510864258,2.000570297241211,70.0,0.6499409675598145,6.000041961669922,60.0,2.7497291564941406,219.9840545654297,65.0,0.40221214294433594,5.002260208129883,85.0,2.4959564208984375,85.0,15.201961994171143
70.0,0.10008811950683594,0.9999275207519531,70.0,0.4498481750488281,3.9980411529541016,60.0,2.547156810760498,151.02696418762207,65.0,0.6499648094177246,10.000228881835938,85.0,3.2947421073913574,85.0,17.901504039764404
70.0,0.049996376037597656,1.9991397857666016,70.0,0.6500482559204102,7.002592086791992,60.0,2.299809455871582,135.00237464904785,65.0,0.601661205291748,9.996652603149414,85.0,2.3987293243408203,85.0,15.149891376495361
70.0,0.0500798225402832,1.0025501251220703,70.0,0.4499077796936035,3.997802734375,60.0,2.299833297729492,120.02134323120117,65.0,0.35011768341064453,5.00178337097168,85.0,2.0494937896728516,85.0,12.749624252319336
70.0,0.0499725341796875,1.0356903076171875,70.0,0.44764280319213867,4.953861236572266,60.0,2.6998400688171387,115.99159240722656,65.0,0.34999847412109375,4.999399185180664,85.0,2.102541923522949,85.0,14.446830749511719
70.0,0.050067901611328125,1.001119613647461,70.0,0.44842958450317383,3.999471664428711,60.0,2.7997970581054688,125.9756088256836,65.0,0.3522157669067383,5.047798156738281,85.0,2.0510077476501465,85.0,13.09812068939209
70.0,0.04781484603881836,0.9996891021728516,70.0,0.39991140365600586,3.998279571533203,60.0,2.698349952697754,132.0362091064453,65.0,0.39998292922973633,6.000041961669922,85.0,2.0543932914733887,85.0,13.44369649887085
70.0,0.05003213882446289,0.9999275207519531,70.0,0.39995908737182617,3.998994827270508,60.0,2.2504210472106934,122.99084663391113,65.0,0.30159950256347656,5.031585693359375,85.0,2.0547032356262207,85.0,12.544357776641846
70.0,0.050187110900878906,2.001523971557617,70.0,0.44994354248046875,3.9970874786376953,60.0,2.4498820304870605,120.9869384765625,65.0,0.35169124603271484,5.032777786254883,85.0,2.1527886390686035,85.0,13.994181156158447
70.0,0.05011558532714844,1.9998550415039062,70.0,0.4516482353210449,5.028724670410156,60.0,2.152276039123535,126.95145606994629,65.0,0.297701358795166,4.985809326171875,85.0,2.002096176147461,85.0,12.79526948928833
70.0,0.051534175872802734,2.0058155059814453,70.0,0.4002094268798828,3.998279571533203,60.0,3.250551223754883,130.98406791687012,65.0,0.34770965576171875,4.952669143676758,85.0,1.9977092742919922,85.0,12.152886390686035
70.0,0.050067901611328125,2.0017623901367188,70.0,0.44995546340942383,5.003452301025391,60.0,2.4997353553771973,119.97747421264648,65.0,0.35010576248168945,5.002260208129883,85.0,2.0540833473205566,85.0,13.846993446350098
70.0,0.0500798225402832,1.0025501251220703,70.0,0.45140981674194336,5.02777099609375,60.0,2.397489547729492,115.99278450012207,65.0,0.35074949264526367,6.015539169311523,85.0,2.053213119506836,85.0,13.344979286193848
70.0,0.05002021789550781,0.9932518005371094,70.0,0.449979305267334,4.002571105957031,60.0,2.152073383331299,116.94645881652832,65.0,0.35004615783691406,5.000591278076172,85.0,2.002584934234619,85.0,13.446152210235596
70.0,0.050008296966552734,1.0304450988769531,70.0,0.45005083084106445,5.002737045288086,60.0,2.799701690673828,121.95801734924316,65.0,0.3499150276184082,5.034685134887695,85.0,2.1967291831970215,85.0,13.302445411682129
70.0,0.050067901611328125,2.0012855529785156,70.0,0.45017004013061523,5.005121231079102,60.0,2.2498369216918945,126.97315216064453,65.0,0.35001039505004883,4.999876022338867,85.0,2.045583724975586,85.0,12.20332384109497
70.0,0.05009174346923828,1.0001659393310547,70.0,0.44995546340942383,3.998279571533203,60.0,2.2998929023742676,129.03666496276855,65.0,0.39992332458496094,5.964517593383789,85.0,1.9590020179748535,85.0,13.139927387237549
70.0,0.05162954330444336,0.9717941284179688,70.0,0.4998445510864258,4.96220588684082,60.0,2.749812602996826,147.95494079589844,65.0,0.5999565124511719,9.99903678894043,85.0,2.355313301086426,85.0,13.843512535095215
70.0,0.050067901611328125,0.9999275207519531,70.0,0.4498720169067383,5.000591278076172,60.0,2.3499011993408203,121.03724479675293,65.0,0.34776926040649414,4.957675933837891,85.0,2.2495150566101074,85.0,13.201653957366943
70.0,0.04780292510986328,0.9982585906982422,70.0,0.4521012306213379,5.045175552368164,60.0,2.202129364013672,122.95007705688477,65.0,0.4000425338745117,4.997014999389648,85.0,1.9530653953552246,85.0,12.746596336364746
70.0,0.05179643630981445,0.9663105010986328,70.0,0.3999471664428711,3.9970874786376953,60.0,2.2022604942321777,125.94723701477051,65.0,0.3497600555419922,4.993915557861328,85.0,2.051699161529541,85.0,12.597417831420898
70.0,0.04991292953491211,0.9915828704833984,70.0,0.500035285949707,4.998922348022461,60.0,2.250027656555176,124.02105331420898,65.0,0.3499269485473633,4.995822906494141,85.0,2.054131031036377,85.0,12.79444694519043
70.0,0.05148649215698242,0.9708404541015625,70.0,0.4499077796936035,4.999637603759766,60.0,2.2504806518554688,118.95084381103516,65.0,0.3499627113342285,4.999399185180664,85.0,2.0000815391540527,85.0,12.70052194595337
70.0,0.05015134811401367,0.9977817535400391,70.0,0.398409366607666,3.9968490600585938,60.0,2.1997809410095215,153.01895141601562,65.0,0.3500223159790039,4.999876022338867,85.0,1.899278163909912,85.0,12.448465824127197
70.0,0.05015134811401367,1.0406970977783203,70.0,0.4503488540649414,3.998279571533203,60.0,2.397453784942627,120.98455429077148,65.0,0.352323055267334,5.048990249633789,85.0,2.004683017730713,85.0,13.293778896331787
70.0,0.04996061325073242,0.99945068359375,70.0,0.4498481750488281,5.000829696655273,60.0,2.1999239921569824,133.99362564086914,65.0,0.34960508346557617,4.038810729980469,85.0,2.051234245300293,85.0,13.145959377288818
70.0,0.049948692321777344,2.003908157348633,70.0,0.44989585876464844,4.999399185180664,60.0,2.399158477783203,122.99013137817383,65.0,0.352323055267334,5.046367645263672,85.0,2.0505785942077637,85.0,13.7984037399292
70.0,0.05009174346923828,0.9961128234863281,70.0,0.449979305267334,4.999876022338867,60.0,2.400374412536621,128.98826599121094,65.0,0.7497549057006836,12.98975944519043,85.0,1.9498586654663086,85.0,12.149012088775635
70.0,0.049805641174316406,1.003265380859375,70.0,0.4500389099121094,5.008935928344727,60.0,2.2998452186584473,121.99234962463379,65.0,0.34993886947631836,4.962444305419922,85.0,2.4970293045043945,85.0,13.95186185836792
70.0,0.05017518997192383,0.9984970092773438,70.0,0.4512906074523926,5.029201507568359,60.0,2.649807929992676,127.9454231262207,65.0,0.34998655319213867,4.9991607666015625,85.0,2.0498156547546387,85.0,12.651288509368896
70.0,0.04909038543701172,0.9975433349609375,70.0,0.45087337493896484,4.001379013061523,60.0,2.3012280464172363,130.96284866333008,65.0,0.3482937812805176,4.967451095581055,85.0,2.0975470542907715,85.0,13.950717449188232
70.0,0.04985332489013672,1.0039806365966797,70.0,0.39825439453125,3.9992332458496094,60.0,2.3021936416625977,120.97978591918945,65.0,0.3498196601867676,5.000114440917969,85.0,2.0000219345092773,85.0,12.548887729644775
70.0,0.050008296966552734,1.0001659393310547,70.0,0.44994354248046875,3.9997100830078125,60.0,2.1997928619384766,121.03796005249023,65.0,0.3477931022644043,4.971504211425781,85.0,1.9512534141540527,85.0,13.196074962615967
70.0,0.09993314743041992,1.0020732879638672,70.0,0.3998994827270508,3.998279571533203,60.0,2.2507309913635254,120.94545364379883,65.0,0.35146474838256836,5.028009414672852,85.0,2.05233097076416,85.0,12.296664714813232
70.0,0.05004405975341797,1.9993782043457031,70.0,0.44995546340942383,3.999948501586914,60.0,2.249324321746826,125.98752975463867,65.0,0.350034236907959,5.003213882446289,85.0,1.9996285438537595,85.0,12.500059604644775
70.0,0.049936771392822266,0.9999275207519531,70.0,0.449979305267334,4.999876022338867,60.0,2.199840545654297,118.97850036621094,65.0,0.34999847412109375,5.001068115234375,85.0,2.447354793548584,85.0,15.601348876953125
70.0,0.050008296966552734,2.000093460083008,70.0,0.4499673843383789,5.000114440917969,60.0,2.7475357055664062,137.0370388031006,65.0,0.4521369934082031,7.04646110534668,85.0,2.3531079292297363,85.0,13.893437385559082
70.0,0.050008296966552734,1.0342597961425781,70.0,0.4499197006225586,5.002498626708984,60.0,2.550375461578369,140.9451961517334,65.0,0.40183067321777344,5.0373077392578125,85.0,2.594780921936035,85.0,15.452468395233154
70.0,0.049948692321777344,0.9989738464355469,70.0,0.45000314712524414,5.000591278076172,60.0,2.4974942207336426,125.02408027648926,65.0,0.35070180892944336,5.014657974243164,85.0,2.0963311195373535,85.0,13.654124736785889
70.0,0.0499725341796875,0.9913444519042969,70.0,0.44776201248168945,4.956960678100586,60.0,2.2476792335510254,125.03337860107422,65.0,0.3500819206237793,5.001544952392578,85.0,2.002584934234619,85.0,12.596368789672852
70.0,0.05080699920654297,1.9993782043457031,70.0,0.4491090774536133,5.02467155456543,60.0,2.4005532264709473,119.98939514160156,65.0,0.4001021385192871,6.005525588989258,85.0,2.347433567047119,85.0,16.551291942596436
70.0,0.049757957458496094,1.0006427764892578,70.0,0.5485177040100098,4.958629608154297,60.0,2.899765968322754,159.9881649017334,65.0,0.3502011299133301,5.002021789550781,85.0,2.1523356437683105,85.0,13.298189640045166
70.0,0.05043745040893555,1.0442733764648438,70.0,0.4497408866882324,3.9958953857421875,60.0,2.4020910263061523,121.94323539733887,65.0,0.39957761764526367,5.999326705932617,85.0,2.1510839462280273,85.0,12.84937858581543
70.0,0.04837512969970703,1.0020732879638672,70.0,0.4517197608947754,5.030632019042969,60.0,2.401101589202881,128.9529800415039,65.0,0.3500699996948242,5.00178337097168,85.0,2.0412206649780273,85.0,16.507887840270996
70.0,0.0500798225402832,1.0004043579101562,70.0,0.397646427154541,4.001140594482422,60.0,2.149784564971924,130.99050521850586,65.0,0.30002593994140625,3.999948501586914,85.0,1.9978404045104978,85.0,13.003456592559814
70.0,0.050199031829833984,0.9977817535400391,70.0,0.3975868225097656,4.001855850219727,60.0,2.6015639305114746,115.99302291870117,65.0,0.34983158111572266,4.964590072631836,85.0,2.100503444671631,85.0,13.448917865753174
70.0,0.05011558532714844,1.0013580322265625,70.0,0.45142173767089844,5.03087043762207,60.0,2.1520495414733887,126.94621086120605,65.0,0.29991865158081055,4.001140594482422,85.0,1.9068360328674316,85.0,11.993753910064697
70.0,0.05003213882446289,0.9977817535400391,70.0,0.44881105422973633,5.0029754638671875,60.0,2.199840545654297,116.96934700012207,65.0,0.40045976638793945,5.000829696655273,85.0,2.1541476249694824,85.0,12.592792510986328
70.0,0.05034208297729492,0.9992122650146484,70.0,0.5996346473693848,7.958412170410156,60.0,2.2492170333862305,130.95736503601074,65.0,0.3499627113342285,5.007266998291016,85.0,2.001333236694336,85.0,12.85008192062378
70.0,0.0978231430053711,0.9992122650146484,70.0,0.4021883010864258,4.044294357299805,60.0,2.1003246307373047,117.94638633728027,65.0,0.29997825622558594,3.9970874786376953,85.0,2.0542144775390625,85.0,12.594795227050781
70.0,0.04979372024536133,1.0037422180175781,70.0,0.449979305267334,4.966020584106445,60.0,2.2481679916381836,121.9935417175293,65.0,0.35001039505004883,5.001544952392578,85.0,1.998746395111084,85.0,12.550628185272217
70.0,0.04996061325073242,1.0004043579101562,70.0,0.39998292922973633,4.000186920166016,60.0,2.347862720489502,126.02066993713379,65.0,0.35212039947509766,5.019903182983398,85.0,1.9532203674316406,85.0,11.995935440063477
70.0,0.04889965057373047,1.0025501251220703,70.0,0.4492521286010742,4.021406173706055,60.0,2.400386333465576,133.98098945617676,65.0,0.35010576248168945,6.003379821777344,85.0,2.1001696586608887,85.0,13.549315929412842
70.0,0.1016855239868164,0.9696483612060547,70.0,0.39985179901123047,3.9942264556884766,60.0,2.2496461868286133,116.99199676513672,65.0,0.35004615783691406,5.001068115234375,85.0,2.201545238494873,85.0,13.047301769256592
70.0,0.04982948303222656,2.0034313201904297,70.0,0.4477500915527344,4.955768585205078,60.0,2.4980545043945312,154.03437614440918,65.0,0.34946203231811523,5.002737045288086,85.0,1.9974946975708008,85.0,12.15144395828247
70.0,0.10181665420532227,0.9622573852539062,70.0,0.4002094268798828,4.00233268737793,60.0,2.297329902648926,118.99113655090332,65.0,0.2999305725097656,4.999876022338867,85.0,2.103126049041748,85.0,12.59756088256836
70.0,0.04940032958984375,0.9987354278564453,70.0,0.45070648193359375,5.014896392822266,60.0,2.197861671447754,120.99742889404297,65.0,0.30155181884765625,4.029989242553711,85.0,1.900792121887207,85.0,13.446617126464844
70.0,0.05003213882446289,1.0006427764892578,70.0,0.44999122619628906,5.000591278076172,60.0,2.199876308441162,122.03478813171387,65.0,0.3506660461425781,5.001306533813477,85.0,2.203822135925293,85.0,11.994528770446777
70.0,0.05015134811401367,0.9984970092773438,70.0,0.44771432876586914,5.001068115234375,60.0,2.3497939109802246,123.0015754699707,65.0,0.350034236907959,5.002021789550781,85.0,2.0014405250549316,85.0,12.397682666778564
70.0,0.049936771392822266,0.9558200836181641,70.0,0.4500269889831543,4.999637603759766,60.0,2.4014949798583984,127.00223922729492,65.0,0.34848451614379883,3.9565563201904297,85.0,1.9952535629272463,85.0,12.353682518005371
70.0,0.04850625991821289,0.9961128234863281,70.0,0.4493832588195801,4.986047744750977,60.0,2.1499276161193848,120.03087997436523,65.0,0.3478527069091797,4.958391189575195,85.0,2.1048545837402344,85.0,13.144099712371826
70.0,0.04996061325073242,1.0006427764892578,70.0,0.40001869201660156,4.000186920166016,60.0,2.949798107147217,145.98941802978516,65.0,0.3499746322631836,5.082845687866211,85.0,2.3039817810058594,85.0,13.844847679138184
70.0,0.04818439483642578,1.0294914245605469,70.0,0.4516005516052246,4.033327102661133,60.0,2.199864387512207,123.0020523071289,65.0,0.2983570098876953,3.999471664428711,85.0,2.1076321601867676,85.0,12.991046905517578
70.0,0.04991292953491211,1.001119613647461,70.0,0.4500150680541992,4.999876022338867,60.0,2.4997949600219727,140.95783233642578,65.0,0.3516554832458496,5.034685134887695,85.0,2.0965099334716797,85.0,13.15230131149292
70.0,0.05009174346923828,0.9996891021728516,70.0,0.3995060920715332,3.999948501586914,60.0,2.200198173522949,121.99234962463379,65.0,0.34825801849365234,4.001140594482422,85.0,2.0069003105163574,85.0,12.189900875091553
70.0,0.05004405975341797,0.9992122650146484,70.0,0.5499958992004395,3.9987564086914062,60.0,2.4005532264709473,172.98603057861328,65.0,0.4999399185180664,7.999658584594727,85.0,2.0490646362304688,85.0,12.800383567810059
70.0,0.05196332931518555,0.9620189666748047,70.0,0.40012598037719727,3.999471664428711,60.0,2.2979736328125,118.98112297058105,65.0,0.3499627113342285,5.001544952392578,85.0,2.1506786346435547,85.0,12.398684024810791
70.0,0.050139427185058594,0.9982585906982422,70.0,0.44842958450317383,3.9970874786376953,60.0,2.701258659362793,117.99049377441406,65.0,0.749969482421875,13.001680374145508,85.0,2.0496368408203125,85.0,12.899482250213623
70.0,0.10006427764892578,1.0030269622802734,70.0,0.39986371994018555,3.997802734375,60.0,2.2514700889587402,128.98921966552734,65.0,0.5975842475891113,9.952783584594727,85.0,1.9536495208740237,85.0,12.745285034179688
70.0,0.049996376037597656,0.0,70.0,0.4500746726989746,4.000663757324219,60.0,2.197599411010742,116.03474617004395,65.0,0.35222768783569336,5.04302978515625,85.0,1.9997954368591309,85.0,11.79736852645874
70.0,0.04996061325073242,2.001047134399414,70.0,0.40148496627807617,3.9985179901123047,60.0,2.1976351737976074,150.98977088928223,65.0,0.3523588180541992,5.03849983215332,85.0,1.9489526748657227,85.0,12.452113628387451
70.0,0.049936771392822266,1.0020732879638672,70.0,0.3977060317993164,3.954172134399414,60.0,2.1514177322387695,120.00393867492676,65.0,0.34807920455932617,5.00035285949707,85.0,1.9022345542907715,85.0,12.948691844940186
70.0,0.04991292953491211,1.0023117065429688,70.0,0.500035285949707,4.001617431640625,60.0,2.1519899368286133,129.9889087677002,65.0,0.35001039505004883,4.999876022338867,85.0,2.101564407348633,85.0,14.246881008148193
70.0,0.0499725341796875,0.9996891021728516,70.0,0.4523277282714844,4.999399185180664,60.0,2.3997068405151367,115.95439910888672,65.0,0.34966468811035156,4.992008209228516,85.0,2.302086353302002,85.0,14.545130729675293
70.0,0.10019540786743164,1.0037422180175781,70.0,0.45125484466552734,4.026889801025391,60.0,2.349972724914551,122.99346923828125,65.0,0.3499031066894531,4.952669143676758,85.0,1.9517302513122559,85.0,12.74557113647461
70.0,0.049948692321777344,1.0018348693847656,70.0,0.4001498222351074,3.999471664428711,60.0,2.1000027656555176,121.98638916015625,65.0,0.3482818603515625,4.9533843994140625,85.0,2.0520567893981934,85.0,12.646293640136719
70.0,0.052165985107421875,0.9794235229492188,70.0,0.4478335380554199,4.0035247802734375,60.0,2.101469039916992,117.00439453125,65.0,0.2998471260070801,4.998683929443359,85.0,2.052783966064453,85.0,13.247919082641602
70.0,0.04825592041015625,0.9989738464355469,70.0,0.40193796157836914,4.034280776977539,60.0,2.1499156951904297,123.94165992736816,65.0,0.2999544143676758,4.999637603759766,85.0,2.0496249198913574,85.0,12.40171194076538
70.0,0.10004043579101562,0.9989738464355469,70.0,0.3977179527282715,3.997802734375,60.0,2.1982431411743164,132.0347785949707,65.0,0.35153627395629883,5.031108856201172,85.0,1.996755599975586,85.0,12.302327156066895
70.0,0.10010004043579102,0.0,70.0,0.3996849060058594,3.9947032928466797,60.0,2.2498607635498047,126.94668769836426,65.0,0.3000974655151367,4.999399185180664,85.0,2.0517826080322266,85.0,12.547194957733154
70.0,0.10215044021606445,0.99945068359375,70.0,0.4478335380554199,3.9582252502441406,60.0,2.1497607231140137,116.99271202087402,65.0,0.40074586868286133,6.00433349609375,85.0,2.194821834564209,85.0,13.005447387695312
70.0,0.049948692321777344,0.9992122650146484,70.0,0.5000829696655273,5.003452301025391,60.0,2.1999001502990723,119.0333366394043,65.0,0.34835338592529297,5.002021789550781,85.0,2.149975299835205,85.0,12.796711921691895
70.0,0.05002021789550781,0.9996891021728516,70.0,0.44994354248046875,3.999471664428711,60.0,2.251303195953369,115.00787734985352,65.0,0.3002285957336426,4.959344863891602,85.0,2.0061731338500977,85.0,13.092994689941406
70.0,0.05036592483520508,0.9989738464355469,70.0,0.39958953857421875,3.9920806884765625,60.0,2.151334285736084,115.95678329467773,65.0,0.3499269485473633,4.998207092285156,85.0,1.955080032348633,85.0,12.54274845123291
70.0,0.05003213882446289,0.995635986328125,70.0,0.39780139923095703,3.999471664428711,60.0,2.251613140106201,115.00000953674316,65.0,0.3499627113342285,4.999876022338867,85.0,2.0006656646728516,85.0,11.948394775390625
70.0,0.05002021789550781,1.0008811950683594,70.0,0.39998292922973633,3.9985179901123047,60.0,2.499818801879883,128.02410125732422,65.0,0.5482316017150879,8.953571319580078,85.0,2.300143241882324,85.0,14.498674869537354
70.0,0.0995635986328125,1.0085105895996094,70.0,0.40012598037719727,4.001140594482422,60.0,2.199685573577881,121.95420265197754,65.0,0.35223960876464844,5.038976669311523,85.0,2.05305814743042,85.0,11.997461318969727
70.0,0.09992122650146484,1.0001659393310547,70.0,0.44776201248168945,4.955768585205078,60.0,2.049887180328369,121.03533744812012,65.0,0.3477811813354492,4.9991607666015625,85.0,2.004384994506836,85.0,12.393033504486084
70.0,0.04991292953491211,1.001119613647461,70.0,0.5006670951843262,4.013538360595703,60.0,2.148282527923584,130.0208568572998,65.0,0.35004615783691406,3.9970874786376953,85.0,1.9467473030090332,85.0,12.401068210601807
70.0,0.0499725341796875,1.0001659393310547,70.0,0.40007829666137695,4.000663757324219,60.0,2.1976351737976074,139.98770713806152,65.0,0.6023764610290527,8.047103881835938,85.0,2.101421356201172,85.0,12.899589538574219
70.0,0.05011558532714844,1.0352134704589844,70.0,0.39769411087036133,3.9997100830078125,60.0,2.202117443084717,118.99065971374512,65.0,0.4477858543395996,5.95402717590332,85.0,1.9524693489074707,85.0,12.594354152679443
70.0,0.050008296966552734,0.9992122650146484,70.0,0.3999471664428711,3.9997100830078125,60.0,2.201414108276367,129.00447845458984,65.0,0.2999544143676758,4.007577896118164,85.0,1.9512295722961426,85.0,12.697386741638184
70.0,0.05002021789550781,1.0013580322265625,70.0,0.44995546340942383,4.999876022338867,60.0,2.1498918533325195,129.02116775512695,65.0,0.3483891487121582,4.970073699951172,85.0,1.9535899162292483,85.0,11.996889114379883
70.0,0.04988908767700195,0.9968280792236328,70.0,0.4000544548034668,4.001140594482422,60.0,2.8482556343078613,121.98853492736816,65.0,0.7516145706176758,11.033296585083008,85.0,2.001786231994629,85.0,12.549388408660889
70.0,0.05004405975341797,1.0006427764892578,70.0,0.44993162155151367,4.998683929443359,60.0,2.3516297340393066,130.97882270812988,65.0,0.3481745719909668,4.997491836547852,85.0,2.0983338356018066,85.0,14.500284194946289
Diabète
nearest_neighbor, tps, tps_app, balltree, tps, tps_app, naive_bayes, tps, tps_app
60.0,0.0667254130045573,2.000570297241211,60.0,0.733343760172526,8.000850677490234,80.0,0.26671091715494794,247.99370765686035,46.666666666666664,0.733343760172526,9.00125503540039,66.66666666666666,2.9444058736165366,66.66666666666666,20.51982879638672
60.0,0.06666183471679688,2.000093460083008,60.0,0.733343760172526,7.000207901000977,80.0,0.263675053914388,264.0244960784912,46.666666666666664,0.6666024525960287,8.999109268188477,66.66666666666666,2.9328187306722007,66.66666666666666,21.465619405110676
60.0,0.06683667500813802,2.999544143676758,60.0,0.7332801818847656,7.998943328857422,80.0,0.2689679463704427,251.97672843933105,46.666666666666664,0.6642818450927734,9.000539779663086,66.66666666666666,3.136301040649414,66.66666666666666,20.92564900716146
60.0,0.0667254130045573,1.9996166229248047,60.0,0.9363015492757162,11.040925979614258,80.0,0.2643744150797526,263.9789581298828,46.666666666666664,0.6670157114664713,9.001731872558594,66.66666666666666,3.1387011210123696,66.66666666666666,20.261764526367188
60.0,0.0,1.9977092742919922,60.0,0.733788808186849,8.000373840332031,80.0,0.2666155497233073,266.92938804626465,46.666666666666664,0.7335027058919271,9.001493453979492,66.66666666666666,3.3293883005777998,66.66666666666666,21.738481521606445
60.0,0.0,2.000570297241211,60.0,0.7302284240722656,7.997035980224609,80.0,0.1999378204345703,254.99367713928223,46.666666666666664,0.6689071655273438,8.99958610534668,66.66666666666666,3.126970926920573,66.66666666666666,22.669506072998047
60.0,0.06899833679199219,1.9652843475341797,60.0,0.6666183471679688,6.999015808105469,80.0,0.2623558044433594,243.0107593536377,46.666666666666664,0.6000836690266927,8.001089096069336,66.66666666666666,3.274122873942057,66.66666666666666,21.193234125773113
60.0,0.0,1.9989013671875,60.0,0.7302761077880859,7.963895797729492,80.0,0.3966490427652995,365.0243282318115,46.666666666666664,1.6666889190673828,23.00095558166504,66.66666666666666,3.996531168619792,66.66666666666666,28.337558110555012
60.0,0.0,3.049612045288086,60.0,0.7996241251627604,7.998466491699219,80.0,0.33326148986816406,293.9481735229492,46.666666666666664,0.8020718892415365,10.033845901489258,66.66666666666666,3.862412770589193,66.66666666666666,25.871658325195312
60.0,0.06680488586425781,1.9989013671875,60.0,0.7363637288411459,8.001089096069336,80.0,0.5362987518310547,310.9309673309326,46.666666666666664,1.4666398366292317,19.95372772216797,66.66666666666666,4.06335194905599,66.66666666666666,28.334792455037437
60.0,0.0667889912923177,1.9986629486083984,60.0,0.7987658182779948,7.994174957275391,80.0,0.33324559529622394,310.9784126281738,46.666666666666664,0.7343610127766927,9.000301361083984,66.66666666666666,3.862921396891276,66.66666666666666,25.134197870890297
60.0,0.0,1.9936561584472656,60.0,0.7998625437418619,7.955789566040039,80.0,0.2668221791585286,279.9820899963379,46.666666666666664,0.6664435068766276,7.997989654541016,66.66666666666666,3.200324376424154,66.66666666666666,20.3312079111735
60.0,0.06658236185709636,2.0017623901367188,60.0,0.7333914438883463,8.002281188964844,80.0,0.2666473388671875,273.98061752319336,46.666666666666664,0.6694952646891276,8.00776481628418,66.66666666666666,3.204568227132161,66.66666666666666,24.460776646931965
60.0,0.06605784098307292,2.00653076171875,60.0,0.7303078969319662,7.954120635986328,80.0,0.2645333607991536,278.02515029907227,46.666666666666664,0.6687482198079427,9.03010368347168,66.66666666666666,3.072913487752279,66.66666666666666,21.325381596883137
60.0,0.06697972615559895,1.9991397857666016,60.0,0.7361412048339844,7.0400238037109375,80.0,0.1994927724202474,251.9857883453369,46.666666666666664,0.6668726603190104,9.000062942504883,66.66666666666666,3.0638058980305987,66.66666666666666,21.3990847269694
60.0,0.06669362386067708,1.9927024841308594,60.0,0.7336934407552084,8.008003234863281,80.0,0.2666314442952474,271.01635932922363,46.666666666666664,0.7332642873128256,8.99958610534668,66.66666666666666,3.6098639170328775,66.66666666666666,27.187124888102215
60.0,0.06666183471679688,1.9981861114501953,60.0,1.0666847229003906,9.040355682373047,80.0,0.2666314442952474,291.9793128967285,46.666666666666664,1.0692596435546875,14.03498649597168,66.66666666666666,2.995570500691732,66.66666666666666,20.402240753173828
60.0,0.06650288899739583,2.0034313201904297,60.0,0.733343760172526,6.999731063842773,80.0,0.2666632334391276,244.981050491333,46.666666666666664,0.6666024525960287,7.998943328857422,66.66666666666666,3.135967254638672,66.66666666666666,22.66216278076172
60.0,0.06632804870605469,2.0041465759277344,60.0,0.8001963297526041,8.00013542175293,80.0,0.2669016520182292,270.94388008117676,46.666666666666664,0.6685415903727213,8.029699325561523,66.66666666666666,2.9338995615641275,66.66666666666666,20.26233673095703
60.0,0.0,2.0444393157958984,60.0,0.7313092549641927,7.964611053466797,80.0,0.2666632334391276,248.0142116546631,46.666666666666664,0.6671428680419922,8.997201919555664,66.66666666666666,3.13876469930013,66.66666666666666,21.125268936157227
60.0,0.06664594014485677,2.0020008087158203,60.0,0.7353782653808594,8.03065299987793,80.0,0.2665519714355469,244.98462677001953,46.666666666666664,0.7332483927408854,8.998632431030273,66.66666666666666,2.93119748433431,66.66666666666666,20.267105102539062
60.0,0.0,2.989053726196289,60.0,0.7331689198811849,7.996797561645508,80.0,0.2666155497233073,279.99305725097656,46.666666666666664,0.7356007893880209,8.99195671081543,66.66666666666666,3.0649503072102866,66.66666666666666,21.80032730102539
60.0,0.06661415100097656,1.9998550415039062,60.0,0.6665388743082682,6.999015808105469,80.0,0.7332960764567057,244.9483871459961,46.666666666666664,0.7994810740152994,10.989665985107422,66.66666666666666,3.0060132344563804,66.66666666666666,21.395508448282875
60.0,0.06682078043619792,1.9998550415039062,60.0,0.7332483927408854,6.998538970947266,80.0,0.2666950225830078,252.0139217376709,46.666666666666664,0.8660634358723959,10.997533798217773,66.66666666666666,3.1935532887776694,66.66666666666666,21.535189946492512
60.0,0.0690460205078125,3.9627552032470703,60.0,0.8640130360921224,9.998798370361328,80.0,0.26702880859375,271.0268497467041,46.666666666666664,0.733025868733724,8.996009826660156,66.66666666666666,3.0671119689941406,66.66666666666666,21.334107716878258
60.0,0.06669362386067708,1.9550323486328125,60.0,0.7333755493164062,8.001565933227539,80.0,0.266567866007487,287.9910469055176,46.666666666666664,0.6668726603190104,8.002281188964844,66.66666666666666,2.923583984375,66.66666666666666,20.674928029378254
60.0,0.06388028462727864,1.9931793212890625,60.0,0.7361412048339844,7.008075714111328,80.0,0.2658685048421224,264.99247550964355,46.666666666666664,0.6637891133626302,7.998943328857422,66.66666666666666,2.9952526092529297,66.66666666666666,19.936736424764
60.0,0.06376902262369792,1.9996166229248047,60.0,0.7362524668375651,8.044719696044922,80.0,0.2666314442952474,247.94912338256836,46.666666666666664,0.665887196858724,7.988929748535156,66.66666666666666,3.4034252166748047,66.66666666666666,21.65822982788086
60.0,0.06669362386067708,1.9996166229248047,60.0,0.7332324981689453,7.99870491027832,80.0,0.2666473388671875,254.96935844421387,46.666666666666664,0.7362683614095052,9.044170379638672,66.66666666666666,3.1368573506673174,66.66666666666666,21.529134114583336
60.0,0.06589889526367188,2.0020008087158203,60.0,0.8007367451985677,8.011102676391602,80.0,0.33440589904785156,406.96001052856445,46.666666666666664,0.7989247639973959,9.999513626098633,66.66666666666666,4.535118738810222,66.66666666666666,28.531312942504883
60.0,0.0667889912923177,4.042625427246094,60.0,0.7327079772949219,7.969856262207031,80.0,0.26391347249348956,272.98498153686523,46.666666666666664,0.7340908050537109,8.998870849609375,66.66666666666666,3.4698327382405596,66.66666666666666,21.86085383097331
60.0,0.06666183471679688,1.0004043579101562,60.0,0.7332642873128256,7.999181747436523,80.0,0.26904741923014325,240.98634719848633,46.666666666666664,0.7308165232340494,9.000062942504883,66.66666666666666,3.003565470377604,66.66666666666666,20.728731155395508
60.0,0.0,1.9991397857666016,60.0,0.7334550221761068,8.001565933227539,80.0,0.20009676615397134,258.0254077911377,46.666666666666664,0.6666342417399088,7.962942123413086,66.66666666666666,3.1334082285563154,66.66666666666666,21.932268142700195
60.0,0.06707509358723958,1.9922256469726562,60.0,0.7333914438883463,6.99925422668457,80.0,0.26599566141764325,255.99217414855957,46.666666666666664,0.6665547688802084,7.996082305908203,66.66666666666666,3.13261349995931,66.66666666666666,20.665868123372395
60.0,0.06682078043619792,1.9993782043457031,60.0,0.7332007090250651,7.99870491027832,80.0,0.2665996551513672,256.98018074035645,46.666666666666664,0.6667613983154297,8.002758026123047,66.66666666666666,2.8691609700520835,66.66666666666666,20.32926877339681
60.0,0.0,2.000093460083008,60.0,0.733343760172526,7.999420166015625,80.0,0.26485125223795575,257.02428817749023,46.666666666666664,0.6687323252360026,8.00180435180664,66.66666666666666,3.3334732055664062,66.66666666666666,21.062930425008137
60.0,0.06683667500813802,1.9993782043457031,60.0,0.7331371307373047,6.998777389526367,80.0,0.2666155497233073,246.98233604431152,46.666666666666664,0.66375732421875,9.000301361083984,66.66666666666666,3.0657450358072915,66.66666666666666,20.265913009643555
60.0,0.0667572021484375,2.0008087158203125,60.0,0.7340908050537109,8.011817932128906,80.0,0.26671091715494794,250.01287460327148,46.666666666666664,0.6666183471679688,8.998870849609375,66.66666666666666,3.0016422271728516,66.66666666666666,20.92994054158529
60.0,0.0,2.0318031311035156,60.0,0.7335662841796875,7.999658584594727,80.0,0.2666155497233073,243.93367767333984,46.666666666666664,0.6001154581705729,7.999897003173828,66.66666666666666,2.9320398966471353,66.66666666666666,17.800060907999676
60.0,0.06903012593587239,1.9652843475341797,60.0,0.6667137145996094,6.99925422668457,80.0,0.26610692342122394,249.99237060546875,46.666666666666664,0.6663958231608073,7.996559143066406,66.66666666666666,3.135522206624349,66.66666666666666,21.859471003214516
60.0,0.0667254130045573,2.000093460083008,60.0,0.733343760172526,6.999492645263672,80.0,0.33062299092610675,259.02700424194336,46.666666666666664,0.6692250569661459,8.019208908081055,66.66666666666666,2.9999415079752603,66.66666666666666,21.40064239501953
60.0,0.06645520528157552,1.0063648223876953,60.0,1.1998653411865234,14.998197555541992,80.0,0.2643744150797526,245.0251579284668,46.666666666666664,0.668938954671224,8.035421371459961,66.66666666666666,3.396161397298177,66.66666666666666,21.8019962310791
60.0,0.0,2.9685497283935547,60.0,0.7334391276041666,8.003473281860352,80.0,0.266567866007487,249.01270866394043,46.666666666666664,0.7335662841796875,8.969545364379883,66.66666666666666,2.931944529215495,66.66666666666666,19.999011357625324
60.0,0.06663004557291667,0.9999275207519531,60.0,0.7332960764567057,7.999420166015625,80.0,0.2666155497233073,247.02715873718262,46.666666666666664,0.6667613983154297,9.00411605834961,66.66666666666666,3.136761983235677,66.66666666666666,20.060952504475914
60.0,0.06739298502604167,1.9984245300292969,60.0,0.6665865580240885,7.032632827758789,80.0,0.268856684366862,252.98380851745605,46.666666666666664,0.6670951843261719,8.004903793334961,66.66666666666666,3.0702908833821616,66.66666666666666,19.53070958455404
60.0,0.06663004557291667,0.9999275207519531,60.0,0.7333914438883463,7.000207901000977,80.0,0.2666314442952474,253.02577018737793,46.666666666666664,0.6668726603190104,8.999347686767578,66.66666666666666,3.074423472086589,66.66666666666666,21.388769149780273
60.0,0.06674130757649739,2.986431121826172,60.0,0.666650136311849,6.999731063842773,80.0,0.2628803253173828,247.0381259918213,46.666666666666664,0.6696224212646484,8.045434951782227,66.66666666666666,2.863105138142904,66.66666666666666,20.602925618489582
60.0,0.06663004557291667,1.9984245300292969,60.0,0.7334709167480469,7.000446319580078,80.0,0.2659797668457031,248.95596504211426,46.666666666666664,0.6688117980957031,7.989406585693359,66.66666666666666,2.998638153076172,66.66666666666666,20.733197530110676
60.0,0.06670951843261719,1.9986629486083984,60.0,0.7312615712483724,6.957054138183594,80.0,0.2643426259358724,254.00447845458984,46.666666666666664,0.6694793701171875,8.03685188293457,66.66666666666666,3.0616283416748047,66.66666666666666,20.334672927856445
60.0,0.0667572021484375,1.9977092742919922,60.0,0.7342179616292318,7.048845291137695,80.0,0.2635637919108073,250.02431869506836,46.666666666666664,0.6689548492431641,8.034706115722656,66.66666666666666,3.0763467152913413,66.66666666666666,20.72145144144694
60.0,0.06670951843261719,2.0003318786621094,60.0,0.7330735524495443,6.997585296630859,80.0,0.4635334014892578,248.9936351776123,46.666666666666664,0.7999738057454427,10.013818740844727,66.66666666666666,3.0700365702311196,66.66666666666666,21.12889289855957
60.0,0.06658236185709636,2.0041465759277344,60.0,0.7332324981689453,7.996797561645508,80.0,0.2668539683024089,251.98054313659668,46.666666666666664,0.7311185201009115,8.966207504272461,66.66666666666666,2.733580271402995,66.66666666666666,20.92914581298828
60.0,0.06472269694010417,1.9993782043457031,60.0,0.7332166035970052,8.001089096069336,80.0,0.2666791280110677,252.0124912261963,46.666666666666664,0.6667931874593099,8.974075317382812,66.66666666666666,3.137350082397461,66.66666666666666,20.327631632486977
60.0,0.06653467814127605,2.0003318786621094,60.0,0.6666024525960287,6.969451904296875,80.0,0.26658376057942706,249.98712539672852,46.666666666666664,0.7309436798095703,8.963584899902344,66.66666666666666,2.862103780110677,66.66666666666666,21.869611740112305
60.0,0.0,1.996755599975586,60.0,0.8000691731770834,9.002208709716797,80.0,0.266567866007487,303.01523208618164,46.666666666666664,0.731817881266276,8.99958610534668,66.66666666666666,3.2036304473876953,66.66666666666666,21.063518524169922
60.0,0.06643931070963542,2.0356178283691406,60.0,0.7311662038167318,8.000373840332031,80.0,0.46601295471191406,281.97550773620605,46.666666666666664,1.2007713317871094,16.009092330932617,66.66666666666666,3.3306280771891275,66.66666666666666,22.667630513509113
60.0,0.0,5.968332290649414,60.0,0.8669853210449219,7.997035980224609,80.0,0.3332297007242839,301.97620391845703,46.666666666666664,0.7325172424316406,8.996963500976562,66.66666666666666,3.2784461975097656,66.66666666666666,24.386215209960938
60.0,0.06677309672037761,1.9998550415039062,60.0,0.7332483927408854,8.00013542175293,80.0,0.4667123158772786,308.9776039123535,46.666666666666664,0.7998307545979818,9.998559951782227,66.66666666666666,3.6103407541910806,66.66666666666666,26.59045855204264
60.0,0.0,2.0003318786621094,60.0,0.7999738057454427,8.00013542175293,80.0,0.2659320831298828,274.9447822570801,46.666666666666664,0.7334709167480469,9.002923965454102,66.66666666666666,3.601376215616862,66.66666666666666,25.063387552897133
60.0,0.06688435872395833,1.996755599975586,60.0,1.5967528025309246,19.001007080078125,80.0,0.2689202626546224,297.9857921600342,46.666666666666664,0.7333278656005859,8.99958610534668,66.66666666666666,3.9981365203857426,66.66666666666666,26.530170440673828
60.0,0.0667254130045573,1.9998550415039062,60.0,0.9999910990397135,11.001348495483398,80.0,0.3334363301595052,381.9735050201416,46.666666666666664,0.8674303690592448,11.00921630859375,66.66666666666666,3.4605979919433594,66.66666666666666,21.534172693888348
60.0,0.06659825642903645,4.000425338745117,60.0,0.733343760172526,8.000850677490234,80.0,0.2657095591227214,275.0391960144043,46.666666666666664,0.6665865580240885,8.001565933227539,66.66666666666666,3.201150894165039,66.66666666666666,21.931155522664387
60.0,0.0,2.9637813568115234,60.0,0.7326443990071615,6.954431533813477,80.0,0.26645660400390625,281.02731704711914,46.666666666666664,0.7303237915039062,9.001016616821289,66.66666666666666,3.9276123046874996,66.66666666666666,25.33712387084961
60.0,0.06651878356933594,1.9998550415039062,60.0,0.7304191589355469,8.001327514648438,80.0,0.19756952921549478,287.0287895202637,46.666666666666664,0.6696383158365885,8.047342300415039,66.66666666666666,3.466192881266276,66.66666666666666,21.796433130900066
60.0,0.06651878356933594,1.9996166229248047,60.0,0.9333133697509766,11.001348495483398,80.0,0.2666791280110677,282.98115730285645,46.666666666666664,1.3330459594726562,17.99631118774414,66.66666666666666,3.527386983235677,66.66666666666666,23.002020517985024
60.0,0.06677309672037761,1.9993782043457031,60.0,0.8694648742675781,7.999658584594727,80.0,0.26899973551432294,281.94403648376465,46.666666666666664,0.6665865580240885,9.001016616821289,66.66666666666666,3.4048080444335938,66.66666666666666,22.05921808878581
60.0,0.06664594014485677,1.9996166229248047,60.0,0.8000055948893229,8.044242858886719,80.0,0.3333091735839844,264.99128341674805,46.666666666666664,0.7357438405354818,9.036540985107422,66.66666666666666,3.000656763712565,66.66666666666666,22.397565841674805
60.0,0.06697972615559895,1.9927024841308594,60.0,0.7999102274576823,7.999181747436523,80.0,0.2666155497233073,257.9517364501953,46.666666666666664,0.8000373840332031,10.004997253417969,66.66666666666666,3.6700566609700522,66.66666666666666,23.259909947713215
60.0,0.06661415100097656,1.9993782043457031,60.0,0.8002599080403646,9.000539779663086,80.0,0.3332773844401042,255.94353675842285,46.666666666666664,0.7358074188232422,9.007930755615234,66.66666666666666,3.0684789021809897,66.66666666666666,22.92970021565755
60.0,0.0,2.033710479736328,60.0,0.7332801818847656,8.00180435180664,80.0,0.3333727518717448,270.9383964538574,46.666666666666664,0.736395517985026,10.008573532104492,66.66666666666666,3.8048426310221353,66.66666666666666,25.45789082845052
60.0,0.06427764892578125,2.046346664428711,60.0,0.8022626241048177,8.033275604248047,80.0,0.2643108367919922,284.97838973999023,46.666666666666664,0.8670330047607422,11.006355285644531,66.66666666666666,3.3992131551106772,66.66666666666666,22.998714447021484
60.0,0.06947517395019531,1.995086669921875,60.0,0.7334550221761068,7.998228073120117,80.0,0.26671091715494794,287.9307270050049,46.666666666666664,0.6665865580240885,7.998466491699219,66.66666666666666,3.139162063598633,66.66666666666666,22.658967971801758
60.0,0.06674130757649739,1.9993782043457031,60.0,0.866540273030599,9.000778198242188,80.0,0.26683807373046875,290.0254726409912,46.666666666666664,0.7332007090250651,8.996725082397461,66.66666666666666,3.066460291544596,66.66666666666666,20.52936553955078
60.0,0.0667254130045573,2.0003318786621094,60.0,0.7333119710286459,8.000850677490234,80.0,0.26988983154296875,277.97913551330566,46.666666666666664,0.6641070048014323,7.996082305908203,66.66666666666666,3.068224589029948,66.66666666666666,23.129860560099285
60.0,0.0,2.034425735473633,60.0,0.7333119710286459,7.999897003173828,80.0,0.39793650309244794,259.9821090698242,46.666666666666664,0.6667296091715494,9.003877639770508,66.66666666666666,3.2088279724121094,66.66666666666666,21.79242769877116
60.0,0.0,2.001523971557617,60.0,0.7998943328857422,7.998943328857422,80.0,0.2697149912516276,264.9681568145752,46.666666666666664,0.6636619567871094,8.002519607543945,66.66666666666666,2.9966672261555987,66.66666666666666,21.601708730061848
60.0,0.0,2.0437240600585938,60.0,0.6668408711751302,6.99925422668457,80.0,0.26642481486002606,273.98085594177246,46.666666666666664,0.6644725799560547,8.001327514648438,66.66666666666666,2.9996236165364585,66.66666666666666,21.195316314697266
60.0,0.06629625956217448,2.0034313201904297,60.0,0.7311820983886719,7.967233657836914,80.0,0.2689043680826823,269.9902057647705,46.666666666666664,0.6636619567871094,8.954524993896484,66.66666666666666,3.6653995513916016,66.66666666666666,22.599363327026367
60.0,0.0,2.000093460083008,60.0,0.8667469024658203,8.999109268188477,80.0,0.2660592397054036,292.94347763061523,46.666666666666664,0.7333278656005859,9.032726287841797,66.66666666666666,3.731822967529297,66.66666666666666,24.466959635416668
60.0,0.0,2.0003318786621094,60.0,0.8667945861816406,10.002374649047852,80.0,0.27030309041341144,302.9747009277344,46.666666666666664,0.7318496704101562,8.977890014648438,66.66666666666666,4.13355827331543,66.66666666666666,31.264066696166992
60.0,0.0667254130045573,2.0008087158203125,60.0,0.8009115854899088,7.999658584594727,80.0,0.2666314442952474,277.96483039855957,46.666666666666664,0.7332801818847656,8.999347686767578,66.66666666666666,3.068224589029948,66.66666666666666,23.466173807779946
60.0,0.06664594014485677,2.0036697387695312,60.0,0.7992585500081381,7.989406585693359,80.0,0.26963551839192706,283.97488594055176,46.666666666666664,0.6665706634521484,8.005619049072266,66.66666666666666,3.2726128896077475,66.66666666666666,22.85776138305664
60.0,0.0,2.9892921447753906,60.0,0.7998466491699219,7.998466491699219,80.0,0.26683807373046875,261.02590560913086,46.666666666666664,0.6641705830891927,7.997035980224609,66.66666666666666,3.2091299692789717,66.66666666666666,23.325173060099285
60.0,0.0667254130045573,1.9974708557128906,60.0,0.7333755493164062,7.99870491027832,80.0,0.26416778564453125,269.98114585876465,46.666666666666664,0.7356802622477213,9.989023208618164,66.66666666666666,3.008699417114258,66.66666666666666,21.38851483662923
60.0,0.06670951843261719,2.001523971557617,60.0,0.6666024525960287,6.998538970947266,80.0,0.19904772440592447,245.03803253173828,46.666666666666664,0.6000836690266927,8.005142211914062,66.66666666666666,2.3979504903157554,66.66666666666666,17.533985773722332
60.0,0.06680488586425781,0.9987354278564453,60.0,0.5997498830159506,5.964756011962891,80.0,0.20006497701009116,211.98558807373047,46.666666666666664,0.5335648854573568,6.999492645263672,66.66666666666666,2.5328318277994795,66.66666666666666,17.399072647094727
60.0,0.06670951843261719,2.000093460083008,60.0,0.5994478861490885,5.999326705932617,80.0,0.20011266072591147,231.99200630187988,46.666666666666664,0.7303873697916666,8.970260620117188,66.66666666666666,3.1993548075358076,66.66666666666666,22.198883692423504
60.0,0.0667889912923177,1.9996166229248047,60.0,0.7998784383138021,7.998228073120117,80.0,0.33248265584309894,270.02429962158203,46.666666666666664,0.6669044494628906,7.964372634887695,66.66666666666666,3.264284133911133,66.66666666666666,22.667312622070312
60.0,0.06670951843261719,1.9998550415039062,60.0,0.7332324981689453,7.998943328857422,80.0,0.2695242563883464,272.9780673980713,46.666666666666664,0.7327715555826823,8.947134017944336,66.66666666666666,3.540786107381185,66.66666666666666,23.58846664428711
60.0,0.06667772928873698,2.0284652709960938,60.0,0.7332801818847656,7.963895797729492,80.0,0.26612281799316406,273.99158477783203,46.666666666666664,0.7332960764567057,8.997678756713867,66.66666666666666,2.9326438903808594,66.66666666666666,21.667893727620445
60.0,0.06663004557291667,0.9982585906982422,60.0,0.7333278656005859,8.001089096069336,80.0,0.2674420674641927,247.94721603393555,46.666666666666664,0.7348378499348959,9.029626846313477,66.66666666666666,3.5376866658528647,66.66666666666666,22.927459081014
60.0,0.13367335001627603,4.999399185180664,60.0,0.9975751241048177,10.964393615722656,80.0,0.3330707550048828,301.97715759277344,46.666666666666664,0.6667296091715494,8.998394012451172,66.66666666666666,3.0694007873535156,66.66666666666666,21.73137664794922
60.0,0.06664594014485677,1.9991397857666016,60.0,0.7333278656005859,7.998228073120117,80.0,0.2666155497233073,277.97842025756836,46.666666666666664,0.7969379425048828,9.955167770385742,66.66666666666666,3.1318346659342446,66.66666666666666,22.535117467244465
60.0,0.06685256958007812,1.9996166229248047,60.0,0.7307688395182291,6.961822509765625,80.0,0.26675860087076825,275.984525680542,46.666666666666664,0.7354259490966797,8.985519409179688,66.66666666666666,3.724177678426107,66.66666666666666,24.67343012491862
60.0,0.0,2.9871463775634766,60.0,0.9332180023193359,8.999824523925781,80.0,0.7979075113932291,331.0251235961914,46.666666666666664,1.401821772257487,18.98026466369629,66.66666666666666,4.001140594482422,66.66666666666666,26.531076431274414
60.0,0.06653467814127605,4.002571105957031,60.0,0.7991790771484375,8.986949920654297,80.0,0.2666314442952474,341.9759273529053,46.666666666666664,0.8667151133219401,10.999917984008789,66.66666666666666,4.274876912434896,66.66666666666666,28.52600415547689
60.0,0.06682078043619792,1.9996166229248047,60.0,1.4005184173583984,14.998674392700195,80.0,0.33321380615234375,345.9653854370117,46.666666666666664,0.7997989654541016,10.029077529907227,66.66666666666666,3.6032517751057944,66.66666666666666,27.26141611735026
60.0,0.1300811767578125,2.0017623901367188,60.0,1.199960708618164,14.000654220581055,80.0,0.39661725362141925,321.0272789001465,46.666666666666664,1.5998681386311848,20.998239517211914,66.66666666666666,4.132779439290365,66.66666666666666,27.796061833699543
60.0,0.06647109985351562,3.0024051666259766,60.0,0.8657296498616537,8.986473083496094,80.0,0.33321380615234375,310.97888946533203,46.666666666666664,0.7999897003173828,10.000228881835938,66.66666666666666,3.6090532938639326,66.66666666666666,25.45790672302246
60.0,0.06702740987141927,1.9946098327636719,60.0,0.7978280385335287,7.963657379150391,80.0,0.3333568572998047,297.00589179992676,46.666666666666664,0.7332324981689453,8.998870849609375,66.66666666666666,3.336127599080404,66.66666666666666,22.125864028930664
Iris
nearest_neighbor, tps, tps_app, balltree, tps, tps_app, naive_bayes, tps, tps_app
90.0,0.09987354278564453,0.0,90.0,0.39653778076171875,1.003265380859375,90.0,0.29985904693603516,22.997617721557617,90.0,0.3047943115234375,1.0008811950683594,100.0,1.9023418426513672,100.0,2.793765068054199
90.0,0.09663105010986328,0.0,90.0,0.3036022186279297,1.0368824005126953,90.0,0.30372142791748047,23.96106719970703,90.0,0.30438899993896484,1.020669937133789,100.0,1.9019842147827148,100.0,2.5974035263061523
90.0,0.09675025939941406,0.0,90.0,0.4044532775878906,1.0325908660888672,90.0,0.4039764404296875,22.944927215576172,90.0,0.39556026458740234,1.9564628601074219,100.0,1.7952680587768555,100.0,3.0034303665161133
90.0,0.09989738464355469,0.0,90.0,0.39997100830078125,1.0004043579101562,90.0,0.4982471466064453,22.01533317565918,90.0,0.30252933502197266,2.0029544830322266,100.0,1.7004728317260742,100.0,2.7975082397460938
90.0,0.10242462158203125,0.0,90.0,0.39963722229003906,1.9752979278564453,90.0,0.4998207092285156,22.95684814453125,90.0,0.3003358840942383,2.000570297241211,100.0,1.8998384475708008,100.0,2.599787712097168
90.0,0.0,0.0,90.0,0.3999471664428711,1.9998550415039062,90.0,1.0998010635375977,23.998737335205078,90.0,0.3998994827270508,3.000020980834961,100.0,2.104616165161133,100.0,3.495001792907715
90.0,0.10008811950683594,0.0,90.0,0.29985904693603516,0.9999275207519531,90.0,0.3998279571533203,24.001359939575195,90.0,0.2997875213623047,1.9977092742919922,100.0,1.5999317169189453,100.0,2.9041290283203125
90.0,0.10023117065429688,0.0,90.0,0.29976367950439453,0.9980201721191406,90.0,0.30434131622314453,22.953271865844727,90.0,0.30028820037841797,2.001047134399414,100.0,1.5039682388305664,100.0,2.69625186920166
90.0,0.0,1.0004043579101562,90.0,0.4013538360595703,2.012968063354492,90.0,0.3969907760620117,23.027896881103516,90.0,0.3000974655151367,1.9998550415039062,100.0,1.787114143371582,100.0,2.8113365173339844
90.0,0.09982585906982422,0.0,90.0,0.5001068115234375,3.000497817993164,90.0,0.2964019775390625,24.041414260864258,90.0,0.30367374420166016,2.0356178283691406,100.0,1.7879247665405273,100.0,3.0086755752563477
90.0,0.10266304016113281,0.0,90.0,0.3002166748046875,0.9992122650146484,90.0,0.39849281311035156,27.964115142822266,90.0,0.29997825622558594,1.9991397857666016,100.0,1.8033504486083984,100.0,2.4977684020996094
90.0,0.0,0.0,90.0,0.4003286361694336,1.9688606262207031,90.0,0.2999544143676758,24.994373321533203,90.0,0.29997825622558594,1.9648075103759766,100.0,1.8882274627685547,100.0,2.8104066848754883
90.0,0.0,1.0378360748291016,90.0,0.6997346878051758,2.0051002502441406,90.0,0.30364990234375,28.96571159362793,90.0,0.2995729446411133,1.9605159759521484,100.0,1.793503761291504,100.0,2.805662155151367
90.0,0.0,1.0390281677246094,90.0,0.3996133804321289,1.9612312316894531,90.0,0.39992332458496094,22.961139678955078,90.0,0.3000497817993164,2.0003318786621094,100.0,1.599574089050293,100.0,2.700185775756836
90.0,0.09989738464355469,0.0,90.0,0.4001140594482422,1.0001659393310547,90.0,0.4001140594482422,21.996259689331055,90.0,0.29997825622558594,2.000093460083008,100.0,1.7000198364257812,100.0,2.6994705200195312
90.0,0.0,0.9963512420654297,90.0,0.4000663757324219,2.000093460083008,90.0,0.3001213073730469,23.99754524230957,90.0,0.3999471664428711,2.0003318786621094,100.0,2.000594139099121,100.0,3.1990766525268555
90.0,0.09996891021728516,0.0,90.0,0.40009021759033203,0.9987354278564453,90.0,0.49533843994140625,32.04202651977539,90.0,0.2999305725097656,0.9996891021728516,100.0,2.3097753524780273,100.0,3.689694404602051
90.0,0.1033782958984375,1.0104179382324219,90.0,0.7966995239257812,4.001379013061523,90.0,0.3998994827270508,26.998519897460938,90.0,0.4002094268798828,2.000570297241211,100.0,1.8022775650024414,100.0,2.9972076416015625
90.0,0.09646415710449219,0.0,90.0,0.4001140594482422,1.0366439819335938,90.0,0.4016876220703125,23.98848533630371,90.0,0.2995729446411133,0.9992122650146484,100.0,1.6959905624389648,100.0,2.702045440673828
90.0,0.0,0.9996891021728516,90.0,0.4999876022338867,1.9996166229248047,90.0,0.29990673065185547,22.99809455871582,90.0,0.30002593994140625,2.001047134399414,100.0,1.7959356307983398,100.0,3.303074836730957
90.0,0.09992122650146484,0.0,90.0,0.3999471664428711,1.0004043579101562,90.0,0.40280818939208984,29.01148796081543,90.0,0.4003286361694336,1.9979476928710938,100.0,1.9996643066406252,100.0,2.6998043060302734
90.0,0.0,1.001119613647461,90.0,0.39992332458496094,1.9993782043457031,90.0,0.39997100830078125,26.998043060302734,90.0,0.29990673065185547,2.000570297241211,100.0,2.1964073181152344,100.0,3.4064292907714844
90.0,0.0,0.0,90.0,0.40009021759033203,2.001047134399414,90.0,0.499725341796875,27.99820899963379,90.0,0.40035247802734375,2.0036697387695312,100.0,2.1015167236328125,100.0,3.1991004943847656
90.0,0.0,0.0,90.0,0.3998756408691406,1.9960403442382812,90.0,0.39997100830078125,23.033857345581055,90.0,0.3000020980834961,1.9991397857666016,100.0,2.094602584838867,100.0,2.9094457626342773
90.0,0.0,0.0,90.0,0.39522647857666016,1.9989013671875,90.0,0.4000663757324219,23.043155670166016,90.0,0.3000974655151367,1.9984245300292969,100.0,1.682877540588379,100.0,2.7166366577148438
90.0,0.0,0.9579658508300781,90.0,0.40366649627685547,2.036571502685547,90.0,0.40009021759033203,23.952245712280273,90.0,0.2999305725097656,1.9996166229248047,100.0,2.498602867126465,100.0,4.300785064697266
90.0,0.0,0.9877681732177734,90.0,0.49996376037597656,2.0008087158203125,90.0,0.5002975463867188,32.996177673339844,90.0,0.3998279571533203,2.000093460083008,100.0,2.700972557067871,100.0,4.198479652404785
90.0,0.10004043579101562,0.0,90.0,0.39997100830078125,0.9992122650146484,90.0,0.39997100830078125,27.99677848815918,90.0,0.40035247802734375,2.0008087158203125,100.0,2.5949478149414062,100.0,3.804492950439453
90.0,0.0,0.99945068359375,90.0,0.4997730255126953,2.0003318786621094,90.0,0.4045724868774414,25.00009536743164,90.0,0.2953052520751953,2.002239227294922,100.0,2.1047353744506836,100.0,3.8945674896240234
90.0,0.0,0.0,90.0,0.4951000213623047,2.0020008087158203,90.0,0.3999948501586914,24.044513702392578,90.0,0.29523372650146484,0.9970664978027344,100.0,1.6983509063720703,100.0,2.801346778869629
90.0,0.10395050048828125,0.0,90.0,0.3999471664428711,0.9980201721191406,90.0,0.39985179901123047,23.00405502319336,90.0,0.29959678649902344,2.0017623901367188,100.0,1.900792121887207,100.0,3.2988548278808594
90.0,0.10347366333007812,0.0,90.0,0.3996133804321289,1.997232437133789,90.0,0.3998756408691406,24.953365325927734,90.0,0.30019283294677734,2.0024776458740234,100.0,2.292609214782715,100.0,4.506921768188477
90.0,0.0,0.9961128234863281,90.0,0.40442943572998047,2.0432472229003906,90.0,0.2998828887939453,24.95288848876953,90.0,0.4000425338745117,2.002239227294922,100.0,1.700139045715332,100.0,2.799534797668457
90.0,0.0,1.0018348693847656,90.0,0.3997325897216797,1.9974708557128906,90.0,0.29997825622558594,24.998903274536133,90.0,0.40009021759033203,2.0008087158203125,100.0,1.894235610961914,100.0,3.3101320266723633
90.0,0.09999275207519531,0.0,90.0,0.3998994827270508,0.9987354278564453,90.0,0.3998994827270508,27.997493743896484,90.0,0.29997825622558594,2.000570297241211,100.0,1.9004344940185547,100.0,2.6977062225341797
90.0,0.09992122650146484,0.0,90.0,0.3997325897216797,2.000093460083008,90.0,0.40030479431152344,23.043394088745117,90.0,0.2997398376464844,2.004861831665039,100.0,1.8984794616699219,100.0,3.900742530822754
90.0,0.1010894775390625,0.0,90.0,0.3005027770996094,0.9887218475341797,90.0,0.4003286361694336,25.983810424804688,90.0,0.2995014190673828,0.9946823120117188,100.0,1.8991708755493164,100.0,2.6003360748291016
90.0,0.09989738464355469,0.0,90.0,0.40009021759033203,1.001119613647461,90.0,0.4001140594482422,23.040294647216797,90.0,0.2999305725097656,1.0077953338623047,100.0,1.488327980041504,100.0,2.91135311126709
90.0,0.0,0.9984970092773438,90.0,0.40001869201660156,2.00653076171875,90.0,0.49974918365478516,23.968219757080078,90.0,0.3003120422363281,2.001047134399414,100.0,1.9023656845092773,100.0,2.9983997344970703
90.0,0.09627342224121094,0.0,90.0,0.4032611846923828,1.0361671447753906,90.0,0.4049539566040039,22.95207977294922,90.0,0.29976367950439453,1.9519329071044922,100.0,1.7005681991577148,100.0,2.9958248138427734
90.0,0.0,0.0,90.0,0.40013790130615234,2.001523971557617,90.0,0.3998994827270508,25.99787712097168,90.0,0.3000974655151367,2.0036697387695312,100.0,1.999688148498535,100.0,3.799748420715332
90.0,0.1046895980834961,0.0,90.0,0.6995439529418945,2.9506683349609375,90.0,0.40116310119628906,23.954153060913086,90.0,0.3001213073730469,1.9996166229248047,100.0,1.7943620681762695,100.0,3.1052589416503906
90.0,0.09999275207519531,0.0,90.0,0.39992332458496094,1.0004043579101562,90.0,0.2998828887939453,24.985074996948242,90.0,0.40018558502197266,2.0020008087158203,100.0,1.9002914428710938,100.0,2.799081802368164
90.0,0.0,1.001119613647461,90.0,0.3959178924560547,1.9979476928710938,90.0,0.6988048553466797,24.005413055419922,90.0,0.3002166748046875,2.0003318786621094,100.0,1.705169677734375,100.0,2.894425392150879
90.0,0.0,1.0228157043457031,90.0,0.4023551940917969,2.02178955078125,90.0,0.40001869201660156,22.960186004638672,90.0,0.3034353256225586,2.002239227294922,100.0,1.5967845916748047,100.0,2.8985023498535156
90.0,0.09984970092773438,0.0,90.0,0.4000425338745117,1.0001659393310547,90.0,0.2998828887939453,23.997068405151367,90.0,0.4012584686279297,1.9996166229248047,100.0,1.8037080764770508,100.0,3.1960010528564453
90.0,0.0,1.0018348693847656,90.0,0.3985881805419922,1.9977092742919922,90.0,0.40345191955566406,23.006439208984375,90.0,0.3004789352416992,1.0001659393310547,100.0,1.7953157424926758,100.0,2.6018619537353516
90.0,0.09982585906982422,0.0,90.0,0.30019283294677734,1.0027885437011719,90.0,0.40433406829833984,22.95207977294922,90.0,0.5999088287353516,3.999948501586914,100.0,1.7936229705810547,100.0,3.2016754150390625
90.0,0.0,1.0001659393310547,90.0,0.40001869201660156,1.9989013671875,90.0,0.30341148376464844,24.00350570678711,90.0,0.2964496612548828,1.9991397857666016,100.0,1.6006231307983398,100.0,3.1987905502319336
90.0,0.0,1.005411148071289,90.0,0.49970149993896484,1.996755599975586,90.0,0.3999471664428711,21.950721740722656,90.0,0.3002643585205078,2.001523971557617,100.0,2.0000457763671875,100.0,3.499484062194824
90.0,0.0,0.0,90.0,0.40001869201660156,1.9986629486083984,90.0,0.3998994827270508,26.996374130249023,90.0,0.3000497817993164,2.000570297241211,100.0,1.7036199569702148,100.0,2.7004003524780273
90.0,0.09970664978027344,0.0,90.0,0.40001869201660156,0.9653568267822266,90.0,0.4002094268798828,22.99809455871582,90.0,0.29981136322021484,0.9641647338867188,100.0,2.299022674560547,100.0,3.7994861602783203
90.0,0.0,1.009225845336914,90.0,0.39894580841064453,1.9900798797607422,90.0,0.3956794738769531,39.04104232788086,90.0,0.2999305725097656,1.9991397857666016,100.0,2.199840545654297,100.0,3.7999391555786133
90.0,0.10018348693847656,0.0,90.0,0.6001710891723633,2.996206283569336,90.0,0.3002643585205078,26.990652084350586,90.0,0.4003763198852539,1.9984245300292969,100.0,2.499842643737793,100.0,4.399418830871582
90.0,0.09999275207519531,0.0,90.0,0.49991607666015625,0.9992122650146484,90.0,0.5999565124511719,26.998043060302734,90.0,0.5001068115234375,2.9985904693603516,100.0,2.100229263305664,100.0,3.999161720275879
90.0,0.0,1.0004043579101562,90.0,0.4001140594482422,1.9993782043457031,90.0,0.3998756408691406,25.99620819091797,90.0,0.40001869201660156,2.002239227294922,100.0,2.001476287841797,100.0,3.1981706619262695
90.0,0.0,0.0,90.0,0.3999948501586914,2.000093460083008,90.0,0.3998756408691406,27.99701690673828,90.0,0.3000974655151367,2.0024776458740234,100.0,2.2991418838500977,100.0,3.700399398803711
90.0,0.0,1.0025501251220703,90.0,0.3997325897216797,1.9991397857666016,90.0,0.4001140594482422,25.998592376708984,90.0,0.30019283294677734,0.9989738464355469,100.0,1.8006563186645508,100.0,3.4987688064575195
90.0,0.0,0.0,90.0,1.500105857849121,6.000280380249023,90.0,1.0998725891113281,36.99541091918945,90.0,0.40018558502197266,2.0020008087158203,100.0,2.701401710510254,100.0,4.402780532836914
90.0,0.0,0.0,90.0,0.4953622817993164,1.9991397857666016,90.0,0.4951953887939453,42.04058647155762,90.0,0.40040016174316406,2.0024776458740234,100.0,2.7000904083251953,100.0,5.099248886108398
90.0,0.09984970092773438,0.0,90.0,0.4000425338745117,1.001596450805664,90.0,0.4000425338745117,38.99693489074707,90.0,0.2998828887939453,1.9998550415039062,100.0,2.2028207778930664,100.0,4.892086982727051
90.0,0.0,0.9984970092773438,90.0,0.5016088485717773,2.000570297241211,90.0,0.3998279571533203,26.99732780456543,90.0,0.4985809326171875,2.0017623901367188,100.0,2.3012399673461914,100.0,4.298281669616699
90.0,0.09999275207519531,0.0,90.0,0.40009021759033203,2.000093460083008,90.0,0.3999948501586914,25.994062423706055,90.0,0.30014514923095703,2.000570297241211,100.0,2.5003671646118164,100.0,3.399205207824707
90.0,0.09996891021728516,0.0,90.0,0.4001617431640625,2.0003318786621094,90.0,0.3999471664428711,48.99430274963379,90.0,0.3000974655151367,2.0003318786621094,100.0,2.5011777877807617,100.0,4.2983293533325195
90.0,0.0,0.9977817535400391,90.0,0.4003286361694336,2.0020008087158203,90.0,0.39985179901123047,26.99565887451172,90.0,0.30014514923095703,2.002716064453125,100.0,2.000713348388672,100.0,4.098844528198242
90.0,0.09970664978027344,1.0004043579101562,90.0,0.6996870040893555,3.9980411529541016,90.0,0.4998207092285156,29.014110565185547,90.0,0.40030479431152344,2.0034313201904297,100.0,2.409648895263672,100.0,4.088449478149414
90.0,0.09999275207519531,0.0,90.0,0.4999876022338867,1.9989013671875,90.0,0.49986839294433594,34.99794006347656,90.0,0.30024051666259766,1.0006427764892578,100.0,2.096223831176758,100.0,3.50797176361084
90.0,0.09963512420654297,1.0416507720947266,90.0,0.39741992950439453,2.0003318786621094,90.0,0.6043672561645508,23.98204803466797,90.0,0.49555301666259766,2.9556751251220703,100.0,2.391815185546875,100.0,4.006171226501465
90.0,0.0,1.0030269622802734,90.0,0.4948616027832031,1.9485950469970703,90.0,0.4006624221801758,35.04490852355957,90.0,0.39441585540771484,2.943754196166992,100.0,1.8925189971923828,100.0,4.009819030761719
90.0,0.1001596450805664,0.0,90.0,0.4001140594482422,1.0025501251220703,90.0,0.39992332458496094,26.950836181640625,90.0,0.3002166748046875,2.0003318786621094,100.0,1.8042325973510742,100.0,2.9953718185424805
90.0,0.0,0.9999275207519531,90.0,0.5046844482421875,3.001689910888672,90.0,0.5000829696655273,24.95121955871582,90.0,0.4045248031616211,2.039670944213867,100.0,2.09805965423584,100.0,3.801393508911133
90.0,0.0,0.9999275207519531,90.0,0.3999948501586914,1.9993782043457031,90.0,0.49614906311035156,32.04655647277832,90.0,0.29489994049072266,0.9953975677490234,100.0,2.7031421661376953,100.0,4.196715354919434
90.0,0.0,1.0020732879638672,90.0,0.4996776580810547,1.9979476928710938,90.0,0.5952358245849609,28.044700622558594,90.0,0.4000663757324219,2.000093460083008,100.0,2.60162353515625,100.0,3.897857666015625
90.0,0.09865760803222656,0.0,90.0,0.7043600082397461,3.044605255126953,90.0,0.5001068115234375,35.95256805419922,90.0,0.40442943572998047,2.001047134399414,100.0,2.2951841354370117,100.0,4.299449920654297
90.0,0.0,1.0175704956054688,90.0,0.4982948303222656,1.9817352294921875,90.0,0.40106773376464844,25.99644660949707,90.0,0.3000020980834961,2.0377635955810547,100.0,2.4126052856445312,100.0,3.587055206298828
90.0,0.09937286376953125,0.0,90.0,0.3997802734375,1.003265380859375,90.0,0.3998756408691406,41.954755783081055,90.0,0.3000497817993164,2.001523971557617,100.0,1.699233055114746,100.0,3.003811836242676
90.0,0.0,1.0013580322265625,90.0,0.5996227264404297,1.9979476928710938,90.0,0.4000663757324219,31.9979190826416,90.0,0.2999544143676758,1.9991397857666016,100.0,2.7005672454833984,100.0,4.799103736877441
90.0,0.09992122650146484,0.0,90.0,0.3999471664428711,1.0001659393310547,90.0,0.39985179901123047,29.999256134033203,90.0,0.4001140594482422,2.001047134399414,100.0,2.400660514831543,100.0,3.7990331649780273
90.0,0.1001119613647461,0.0,90.0,0.39970874786376953,1.9974708557128906,90.0,0.49991607666015625,26.99756622314453,90.0,0.30002593994140625,2.000570297241211,100.0,2.5003433227539062,100.0,4.599189758300781
90.0,0.0,1.0144710540771484,90.0,0.6984233856201172,3.000974655151367,90.0,0.4034280776977539,36.00907325744629,90.0,0.39653778076171875,1.966714859008789,100.0,2.204751968383789,100.0,3.3945560455322266
90.0,0.09996891021728516,0.0,90.0,0.3999948501586914,2.0012855529785156,90.0,0.397491455078125,29.0224552154541,90.0,0.49991607666015625,2.0008087158203125,100.0,2.3998498916625977,100.0,3.4996509552001953
90.0,0.09980201721191406,0.0,90.0,0.39997100830078125,2.000093460083008,90.0,0.39997100830078125,35.99667549133301,90.0,0.30002593994140625,2.0008087158203125,100.0,2.199983596801758,100.0,3.6998748779296875
90.0,0.0997781753540039,0.0,90.0,0.6998062133789062,2.000093460083008,90.0,0.3999471664428711,40.99845886230469,90.0,0.39992332458496094,1.9998550415039062,100.0,2.400064468383789,100.0,3.5993337631225586
90.0,0.0,0.99945068359375,90.0,0.4999876022338867,2.000093460083008,90.0,0.4999399185180664,24.998188018798828,90.0,0.4001140594482422,2.001047134399414,100.0,2.3004531860351562,100.0,3.2992124557495117
90.0,0.09989738464355469,0.0,90.0,0.4997730255126953,2.000093460083008,90.0,0.8001327514648438,33.99777412414551,90.0,0.4998922348022461,3.0007362365722656,100.0,2.5004148483276367,100.0,3.7989377975463867
90.0,0.0,0.9996891021728516,90.0,0.4998922348022461,1.9977092742919922,90.0,0.4999399185180664,34.99889373779297,90.0,0.4999399185180664,2.001047134399414,100.0,2.1001815795898438,100.0,4.0992021560668945
90.0,0.19636154174804688,0.0,90.0,0.6999015808105469,1.9998550415039062,90.0,0.39997100830078125,42.99426078796387,90.0,0.29997825622558594,1.9996166229248047,100.0,1.999974250793457,100.0,2.999711036682129
90.0,0.0,0.9992122650146484,90.0,0.49991607666015625,1.9993782043457031,90.0,0.6046533584594727,30.999422073364258,90.0,0.5951166152954102,2.9549598693847656,100.0,2.8995275497436523,100.0,4.799818992614746
90.0,0.0,0.99945068359375,90.0,0.8047819137573242,2.0008087158203125,90.0,0.49533843994140625,24.99556541442871,90.0,0.39992332458496094,1.9981861114501953,100.0,2.0002365112304688,100.0,2.999567985534668
90.0,0.09987354278564453,0.0,90.0,0.3999948501586914,1.9996166229248047,90.0,0.5000829696655273,35.996198654174805,90.0,0.3000020980834961,2.000570297241211,100.0,2.600264549255371,100.0,3.7992238998413086
90.0,0.09992122650146484,0.0,90.0,0.39997100830078125,1.0001659393310547,90.0,0.4000425338745117,40.99774360656738,90.0,0.4000663757324219,2.001047134399414,100.0,2.50091552734375,100.0,3.7986040115356445
90.0,0.10030269622802734,0.0,90.0,0.6996393203735352,3.0045509338378906,90.0,0.5014181137084961,31.998872756958008,90.0,0.3985881805419922,2.001047134399414,100.0,2.7984619140625,100.0,5.802607536315918
90.0,0.10027885437011719,0.9975433349609375,90.0,0.6994485855102539,1.9922256469726562,90.0,0.9983301162719727,35.00032424926758,90.0,0.3998756408691406,1.9993782043457031,100.0,2.0993709564208984,100.0,4.000067710876465
90.0,0.09996891021728516,0.0,90.0,0.5017518997192383,1.9991397857666016,90.0,0.49865245819091797,29.99567985534668,90.0,0.29969215393066406,1.0426044464111328,100.0,2.100801467895508,100.0,3.0988693237304688
90.0,0.0,0.9999275207519531,90.0,0.4999399185180664,1.9993782043457031,90.0,0.5001544952392578,25.999784469604492,90.0,0.3997802734375,1.9974708557128906,100.0,2.701568603515625,100.0,4.198050498962402
90.0,0.0,0.9992122650146484,90.0,0.49996376037597656,2.0003318786621094,90.0,0.8002758026123047,40.99416732788086,90.0,0.2999544143676758,1.9984245300292969,100.0,1.9984245300292969,100.0,3.3014774322509766
90.0,0.10001659393310547,0.0,90.0,0.3999471664428711,1.0008811950683594,90.0,0.39687156677246094,35.04300117492676,90.0,0.4032135009765625,1.995086669921875,100.0,2.100515365600586,100.0,3.5958051681518555
90.0,0.0,1.001119613647461,90.0,0.4998922348022461,1.9989013671875,90.0,0.39997100830078125,34.99722480773926,90.0,0.40161609649658203,2.000570297241211,100.0,2.290058135986328,100.0,3.107786178588867
90.0,0.10006427764892578,0.0,90.0,0.6029367446899414,1.9984245300292969,90.0,0.5999088287353516,46.9660758972168,90.0,0.4994630813598633,1.9998550415039062,100.0,2.5919198989868164,100.0,3.9029836654663086
90.0,0.0,0.9999275207519531,90.0,0.3999948501586914,2.0003318786621094,90.0,0.7999420166015625,42.04368591308594,90.0,0.5953311920166016,4.00090217590332,100.0,2.204585075378418,100.0,3.399538993835449
Potabilité de l'eau
nearest_neighbor, tps, tps_app, balltree, tps, tps_app, naive_bayes, tps, tps_app
56.36363636363636,0.03635233098810369,9.982824325561523,56.36363636363636,0.855354829268022,34.01327133178711,58.18181818181818,0.16443512656471945,1065.8786296844482,34.54545454545455,0.5994146520441229,28.95188331604004,63.63636363636363,7.307395068081942,63.63636363636363,79.46859273043545
56.36363636363636,0.07273067127574574,7.984161376953125,56.36363636363636,0.9098486466841265,37.996530532836914,58.18181818181818,0.14608990062366833,1012.8939151763916,34.54545454545455,0.7629697973077948,37.9636287689209,63.63636363636363,7.744919170032849,63.63636363636363,83.35723009976475
56.36363636363636,0.03638701005415483,6.996631622314453,56.36363636363636,0.7819435813210227,30.011415481567383,58.18181818181818,0.3090858459472656,1071.916103363037,34.54545454545455,1.1635650287974963,59.995174407958984,63.63636363636363,7.709823955189099,63.63636363636363,81.68468475341797
56.36363636363636,0.03637400540438565,7.985353469848633,56.36363636363636,1.3090567155317827,54.99720573425293,58.18181818181818,0.3090381622314453,1443.8982009887695,34.54545454545455,1.0181340304287998,50.00114440917969,63.63636363636363,7.892946763472124,63.63636363636363,81.75552541559394
56.36363636363636,0.036378340287642044,5.997180938720703,56.36363636363636,0.6182323802601207,23.999691009521484,58.18181818181818,0.12734586542302911,740.9422397613525,34.54545454545455,0.5445350300181996,26.949167251586914,63.63636363636363,5.8776421980424365,63.63636363636363,63.08157660744407
56.36363636363636,0.036369670521129265,4.999637603759766,56.36363636363636,0.6734978068958629,25.998830795288086,58.18181818181818,0.1454483379017223,792.8993701934814,34.54545454545455,0.6002816286954012,26.998043060302734,63.63636363636363,5.894730307839134,63.63636363636363,61.828292499889024
56.36363636363636,0.03579313104802912,5.00178337097168,56.36363636363636,0.6360400806773793,23.98371696472168,58.18181818181818,0.21734237670898438,738.9934062957764,34.54545454545455,0.5273168737238104,25.998353958129883,63.63636363636363,6.161685423417525,63.63636363636363,61.83358972722834
56.36363636363636,0.03637400540438565,6.044626235961914,56.36363636363636,0.6538911299272017,23.965835571289062,58.18181818181818,0.12727217240767044,731.9803237915039,34.54545454545455,0.5272215062921698,26.001930236816406,63.63636363636363,5.799128792502663,63.63636363636363,61.5052266554399
56.36363636363636,0.03633065657182173,6.000757217407227,56.36363636363636,0.6179202686656605,23.00858497619629,58.18181818181818,0.14541799371892755,801.9576072692871,34.54545454545455,0.527147813276811,25.995254516601562,63.63636363636363,6.525161049582741,63.63636363636363,74.76070577448064
56.36363636363636,0.037132609974254265,6.001949310302734,56.36363636363636,0.6545500321821733,24.99842643737793,58.18181818181818,0.12726783752441406,734.9460124969482,34.54545454545455,0.5270827900279652,25.99191665649414,63.63636363636363,5.675684322010388,63.63636363636363,60.26422760703347
56.36363636363636,0.03635233098810369,4.999876022338867,56.36363636363636,0.6187395616011186,24.0323543548584,58.18181818181818,0.12786171653053977,726.9175052642822,34.54545454545455,0.5264022133567117,24.996042251586914,63.63636363636363,5.98617900501598,63.63636363636363,63.35525079206987
56.36363636363636,0.03636100075461648,4.998445510864258,56.36363636363636,0.6536917252974077,24.95408058166504,58.18181818181818,0.12726350264115768,792.9878234863281,34.54545454545455,0.5454670299183239,26.99875831604004,63.63636363636363,5.945938283746893,63.63636363636363,61.32182207974521
56.36363636363636,0.03703724254261364,4.960775375366211,56.36363636363636,0.6180936639959161,23.995637893676758,58.18181818181818,0.12726783752441406,747.90358543396,34.54545454545455,0.5090496756813743,23.998022079467773,63.63636363636363,5.704363909634677,63.63636363636363,59.76398207924583
56.36363636363636,0.053995305841619316,4.998683929443359,56.36363636363636,0.6906336004083807,23.997068405151367,58.18181818181818,0.12646588412198154,789.9870872497559,34.54545454545455,0.7637977600097656,39.04914855957031,63.63636363636363,5.725093321366744,63.63636363636363,61.97925914417614
56.36363636363636,0.036356665871360085,6.952524185180664,56.36363636363636,0.6553173065185547,23.996353149414062,58.18181818181818,0.12725916775790128,833.8956832885742,34.54545454545455,0.5636085163463246,27.042865753173828,63.63636363636363,6.488899751143022,63.63636363636363,68.30528866160999
56.36363636363636,0.03639567982066761,5.000114440917969,56.36363636363636,0.654480674050071,25.029659271240234,58.18181818181818,0.14542666348544034,818.9296722412109,34.54545454545455,0.5636041814630682,27.999162673950195,63.63636363636363,5.94298622824929,63.63636363636363,62.1431827545166
56.36363636363636,0.017994100397283382,6.011009216308594,56.36363636363636,1.7271215265447444,83.94956588745117,58.18181818181818,0.14573877507990057,729.9134731292725,34.54545454545455,0.63671198758212,32.018184661865234,63.63636363636363,5.891977656971324,63.63636363636363,63.66601423783735
56.36363636363636,0.03633065657182173,5.002498626708984,56.36363636363636,0.8900425650856711,38.953542709350586,58.18181818181818,0.2734964544122869,782.9442024230957,34.54545454545455,0.7084239612926136,31.9974422454834,63.63636363636363,6.9623817097057,63.63636363636363,71.01392312483354
56.36363636363636,0.03636533563787287,5.99980354309082,56.36363636363636,0.6910237399014559,24.995803833007812,58.18181818181818,0.16417069868607956,820.9099769592285,34.54545454545455,0.6357626481489702,30.975341796875,63.63636363636363,7.527364384044301,63.63636363636363,79.88414330915971
56.36363636363636,0.036291642622514206,6.040811538696289,56.36363636363636,0.7808728651566939,29.99258041381836,58.18181818181818,0.12742389332164417,982.9299449920654,34.54545454545455,0.5824912678111683,29.03461456298828,63.63636363636363,7.308236035433682,63.63636363636363,72.50436002557927
56.36363636363636,0.03611391240900213,7.057666778564453,56.36363636363636,0.9090336886319247,36.971092224121094,58.18181818181818,0.14543099836869675,878.894567489624,34.54545454545455,0.7635940204967152,37.00971603393555,63.63636363636363,7.5686021284623575,63.63636363636363,78.49864092740145
56.36363636363636,0.03619194030761719,6.044864654541016,56.36363636363636,0.7630174810236151,28.99909019470215,58.18181818181818,0.12738487937233664,826.9808292388916,34.54545454545455,0.5271218039772727,25.992155075073242,63.63636363636363,5.926973169500177,63.63636363636363,64.01354616338556
56.36363636363636,0.03718029369007458,4.954814910888672,56.36363636363636,0.6173133850097656,22.951364517211914,58.18181818181818,0.12726350264115768,800.9428977966309,34.54545454545455,0.5463383414528586,26.043176651000977,63.63636363636363,5.89099797335538,63.63636363636363,62.81337304548784
56.36363636363636,0.03632198680530895,5.036354064941406,56.36363636363636,0.6538651206276633,24.96170997619629,58.18181818181818,0.14548735185102982,792.9880619049072,34.54545454545455,0.8908011696555398,44.99363899230957,63.63636363636363,6.019670313054865,63.63636363636363,62.72091432051226
56.36363636363636,0.017894398082386364,5.01561164855957,56.36363636363636,0.5454670299183239,20.998477935791016,58.18181818181818,0.1090439883145419,651.9527435302734,34.54545454545455,0.4545558582652699,21.96526527404785,63.63636363636363,4.672184857455167,63.63636363636363,49.63320385326038
56.36363636363636,0.019025802612304688,4.957914352416992,56.36363636363636,0.5271651528098367,19.996166229248047,58.18181818181818,0.10910901156338779,627.9561519622803,34.54545454545455,0.4545601931485263,21.996736526489258,63.63636363636363,4.800128936767578,63.63636363636363,52.74137150157582
56.36363636363636,0.03632632168856534,5.956172943115234,56.36363636363636,0.6545240228826349,25.03347396850586,58.18181818181818,0.12732419100674716,729.9916744232178,34.54545454545455,0.6902477957985618,30.96151351928711,63.63636363636363,5.288930372758345,63.63636363636363,55.562158064408735
56.36363636363636,0.036313317038796165,4.001617431640625,56.36363636363636,0.5090366710316051,18.99862289428711,58.18181818181818,0.10884024880149147,637.9697322845459,34.54545454545455,0.45449950478293677,21.998167037963867,63.63636363636363,4.674456336281516,63.63636363636363,49.939901178533376
56.36363636363636,0.03698955882679333,4.9724578857421875,56.36363636363636,0.5272171714089133,19.998550415039062,58.18181818181818,0.10890960693359375,638.9679908752441,34.54545454545455,0.47264966097745026,22.997379302978516,63.63636363636363,4.599332809448242,63.63636363636363,49.52414686029608
56.36363636363636,0.036369670521129265,4.9991607666015625,56.36363636363636,0.5272085016424005,19.997596740722656,58.18181818181818,0.12640086087313565,629.9693584442139,34.54545454545455,0.45516707680442114,23.033857345581055,63.63636363636363,4.602189497514205,63.63636363636363,49.9765699559992
56.36363636363636,0.018197839910333805,4.999637603759766,56.36363636363636,0.5463383414528586,20.041227340698242,58.18181818181818,0.10908733714710582,631.948709487915,34.54545454545455,0.4545038396661932,22.99642562866211,63.63636363636363,4.635399038141424,63.63636363636363,49.94254112243652
56.36363636363636,0.03613992170854048,5.000114440917969,56.36363636363636,0.5094181407581676,18.979310989379883,58.18181818181818,0.10964220220392401,630.9170722961426,34.54545454545455,0.4368348555131392,21.027565002441406,63.63636363636363,4.709599234841087,63.63636363636363,50.595036419955164
56.36363636363636,0.0360748984596946,5.009651184082031,56.36363636363636,0.5454280159690164,20.998716354370117,58.18181818181818,0.10909167203036221,708.9557647705078,34.54545454545455,0.4363580183549361,22.003889083862305,63.63636363636363,4.690751162442294,63.63636363636363,49.63335557417436
56.36363636363636,0.0363479961048473,5.000591278076172,56.36363636363636,0.5272388458251953,19.999265670776367,58.18181818181818,0.10905699296431108,621.9573020935059,34.54545454545455,0.454512509432706,21.99840545654297,63.63636363636363,4.693776910955256,63.63636363636363,52.13780836625533
56.36363636363636,0.036369670521129265,3.999948501586914,56.36363636363636,0.5446217276833274,19.999027252197266,58.18181818181818,0.109100341796875,623.9986419677734,34.54545454545455,0.4545298489657315,21.997690200805664,63.63636363636363,5.036778883500533,63.63636363636363,52.30402946472168
56.36363636363636,0.036400014703924004,5.999088287353516,56.36363636363636,0.6181326779452238,23.997783660888672,58.18181818181818,0.12728951194069602,809.9403381347656,34.54545454545455,0.5272778597745028,25.996923446655273,63.63636363636363,4.965014891190963,63.63636363636363,52.57634683088823
56.36363636363636,0.03636533563787287,3.9992332458496094,56.36363636363636,0.545280629938299,19.998788833618164,58.18181818181818,0.12703375382856888,621.9768524169922,34.54545454545455,0.4363493485884233,20.998477935791016,63.63636363636363,4.725651307539506,63.63636363636363,51.43342885104093
56.36363636363636,0.017916072498668324,5.0144195556640625,56.36363636363636,0.5454106764359907,19.997835159301758,58.18181818181818,0.10907866738059303,623.9123344421387,34.54545454545455,0.4370949485085227,22.04442024230957,63.63636363636363,4.598947004838423,63.63636363636363,50.65181905573064
56.36363636363636,0.017560612071644176,5.024909973144531,56.36363636363636,0.5641720511696555,22.031784057617188,58.18181818181818,0.10907433249733665,620.9146976470947,34.54545454545455,0.4545471884987571,21.999359130859375,63.63636363636363,4.799517718228427,63.63636363636363,51.54279362071644
56.36363636363636,0.03637400540438565,3.9963722229003906,56.36363636363636,0.5271174690940164,20.003557205200195,58.18181818181818,0.10907433249733665,651.9167423248291,34.54545454545455,0.4553578116677024,22.04418182373047,63.63636363636363,4.672683369029651,63.63636363636363,49.959733269431375
56.36363636363636,0.01797242598100142,5.010843276977539,56.36363636363636,0.5453586578369141,20.969390869140625,58.18181818181818,0.1091046766801314,660.9554290771484,34.54545454545455,0.4718997261740945,22.95398712158203,63.63636363636363,4.741473631425338,63.63636363636363,50.23648522116921
56.36363636363636,0.036334991455078125,4.000186920166016,56.36363636363636,0.5272561853582208,20.003795623779297,58.18181818181818,0.10985461148348721,621.9136714935303,34.54545454545455,0.4726930098100142,22.997140884399414,63.63636363636363,4.617977142333984,63.63636363636363,50.05014159462669
56.36363636363636,0.036369670521129265,5.954742431640625,56.36363636363636,0.5825692957097833,22.008895874023438,58.18181818181818,0.1086061651056463,660.9811782836914,34.54545454545455,0.49019726839932526,22.964954376220703,63.63636363636363,5.237072164362127,63.63636363636363,54.285404898903586
56.36363636363636,0.07246190851384943,9.016752243041992,56.36363636363636,1.0001529346812854,38.99788856506348,58.18181818181818,0.14526193792169745,761.9550228118896,34.54545454545455,0.5454756996848367,26.028871536254883,63.63636363636363,5.039548873901367,63.63636363636363,53.7933349609375
56.36363636363636,0.0364043495871804,4.966020584106445,56.36363636363636,0.5635521628639915,22.03059196472168,58.18181818181818,0.10911334644664418,730.982780456543,34.54545454545455,0.47264966097745026,22.996187210083008,63.63636363636363,4.851701042868874,63.63636363636363,52.87257974798029
56.36363636363636,0.03635233098810369,4.999876022338867,56.36363636363636,0.5447951230135831,20.997047424316406,58.18181818181818,0.16441778703169388,647.9446887969971,34.54545454545455,0.43631466952237213,21.997690200805664,63.63636363636363,4.712135141546076,63.63636363636363,51.2118556282737
56.36363636363636,0.03700689835981889,4.966020584106445,56.36363636363636,0.5090063268488104,18.997907638549805,58.18181818181818,0.1089919697154652,651.9701480865479,34.54545454545455,0.4544258117675781,22.992610931396484,63.63636363636363,4.747650840065695,63.63636363636363,49.9765309420499
56.36363636363636,0.0185836445201527,4.976034164428711,56.36363636363636,0.527234510941939,20.004749298095703,58.18181818181818,0.10933876037597656,634.9570751190186,34.54545454545455,0.4542350769042969,21.982192993164062,63.63636363636363,5.090015584772283,63.63636363636363,54.523884166370735
56.36363636363636,0.0182021747935902,5.985021591186523,56.36363636363636,0.6006717681884766,21.997690200805664,58.18181818181818,0.12701641429554333,639.0717029571533,34.54545454545455,0.43639269742098724,21.96526527404785,63.63636363636363,4.948373274369674,63.63636363636363,53.992847962812945
56.36363636363636,0.017937746914950283,5.011320114135742,56.36363636363636,0.5446434020996094,20.999670028686523,58.18181818181818,0.10906999761408026,690.9961700439453,34.54545454545455,0.4727103493430398,23.99754524230957,63.63636363636363,4.836060784079812,63.63636363636363,53.304533524946734
56.36363636363636,0.01789006319912997,5.013465881347656,56.36363636363636,0.5817716771906073,21.95596694946289,58.18181818181818,0.10905265808105469,693.9098834991455,34.54545454545455,0.5454150113192472,26.997804641723633,63.63636363636363,5.564113096757368,63.63636363636363,60.46837459910999
56.36363636363636,0.0370025634765625,3.954172134399414,56.36363636363636,0.5996010520241477,23.00548553466797,58.18181818181818,0.10853680697354404,693.9773559570312,34.54545454545455,0.5633744326504794,27.98938751220703,63.63636363636363,4.6356201171875,63.63636363636363,51.48831714283336
56.36363636363636,0.036491047252308235,4.993915557861328,56.36363636363636,0.5448558113791726,20.99895477294922,58.18181818181818,0.12683868408203125,668.9651012420654,34.54545454545455,0.5272171714089133,26.00574493408203,63.63636363636363,5.815683711658824,63.63636363636363,58.70783545754173
56.36363636363636,0.036369670521129265,4.999876022338867,56.36363636363636,0.563790581443093,22.045135498046875,58.18181818181818,0.1454440030184659,764.946699142456,34.54545454545455,0.47271468422629614,22.998332977294922,63.63636363636363,4.745877872813831,63.63636363636363,51.690782200206414
56.36363636363636,0.03636100075461648,4.000425338745117,56.36363636363636,0.5272301760586825,19.997119903564453,58.18181818181818,0.10971589521928267,645.9205150604248,34.54545454545455,0.45449950478293677,22.00031280517578,63.63636363636363,5.618958039717241,63.63636363636363,55.88579177856445
56.36363636363636,0.018189170143821022,4.999399185180664,56.36363636363636,0.56346980008212,22.00007438659668,58.18181818181818,0.12722448869185013,640.9995555877686,34.54545454545455,0.472701679576527,22.998332977294922,63.63636363636363,4.743437333540483,63.63636363636363,50.37991783835671
56.36363636363636,0.018206509676846592,4.999637603759766,56.36363636363636,0.5272431807084517,18.999814987182617,58.18181818181818,0.10903965343128551,623.0003833770752,34.54545454545455,0.4545341838489879,21.997928619384766,63.63636363636363,4.889241131869229,63.63636363636363,53.143150156194515
56.36363636363636,0.03637400540438565,3.9992332458496094,56.36363636363636,0.5274512551047585,20.04218101501465,58.18181818181818,0.10903098366477272,659.9905490875244,34.54545454545455,0.436379692771218,20.99895477294922,63.63636363636363,4.724949056451971,63.63636363636363,52.14461413296787
56.36363636363636,0.035593726418235085,4.006624221801758,56.36363636363636,0.5460695786909624,20.03192901611328,58.18181818181818,0.1090960069136186,634.9527835845947,34.54545454545455,0.49086484042080963,23.997783660888672,63.63636363636363,5.10911074551669,63.63636363636363,56.249453804709695
56.36363636363636,0.03638701005415483,5.000114440917969,56.36363636363636,0.636512582952326,23.99921417236328,58.18181818181818,0.1452359286221591,789.9470329284668,34.54545454545455,0.6007367914373224,29.01172637939453,63.63636363636363,4.873826287009499,63.63636363636363,52.90309299122203
56.36363636363636,0.018206509676846592,4.999876022338867,56.36363636363636,0.527234510941939,20.99919319152832,58.18181818181818,0.10890527205033736,677.0069599151611,34.54545454545455,0.4545081745494496,23.000478744506836,63.63636363636363,4.706902937455611,63.63636363636363,50.379978526722304
56.36363636363636,0.018206509676846592,4.999876022338867,56.36363636363636,0.5636605349454012,22.0029354095459,58.18181818181818,0.12790940024636008,655.9593677520752,34.54545454545455,0.45449950478293677,21.99864387512207,63.63636363636363,4.747941277243874,63.63636363636363,49.97596740722656
56.36363636363636,0.036369670521129265,4.999876022338867,56.36363636363636,0.5090756849809126,18.999576568603516,58.18181818181818,0.1089919697154652,613.0051612854004,34.54545454545455,0.4727060144597834,23.000717163085938,63.63636363636363,4.654299129139294,63.63636363636363,51.686330275102094
56.36363636363636,0.018258528275923294,4.999637603759766,56.36363636363636,0.5089586431329901,19.994735717773438,58.18181818181818,0.10910901156338779,630.9568881988525,34.54545454545455,0.4545038396661932,21.996021270751953,63.63636363636363,4.761622168801048,63.63636363636363,51.07003992254084
56.36363636363636,0.03633932633833452,4.999876022338867,56.36363636363636,0.5636952140114524,21.968603134155273,58.18181818181818,0.12786605141379617,677.9160499572754,34.54545454545455,0.5090540105646307,24.99842643737793,63.63636363636363,4.984448172829368,63.63636363636363,55.247311158613726
56.36363636363636,0.03628730773925781,5.037784576416016,56.36363636363636,0.6173610687255859,23.9560604095459,58.18181818181818,0.16362450339577414,740.9913539886475,34.54545454545455,0.5272735248912465,25.969743728637695,63.63636363636363,6.6741509871049365,63.63636363636363,71.13878510215066
56.36363636363636,0.03637400540438565,4.9991607666015625,56.36363636363636,0.7627660577947443,25.954484939575195,58.18181818181818,0.1454396681352095,825.9415626525879,34.54545454545455,0.5272735248912465,26.000022888183594,63.63636363636363,5.5275093425403945,63.63636363636363,59.505167874422945
56.36363636363636,0.018189170143821022,5.00035285949707,56.36363636363636,0.5454236810857599,20.999431610107422,58.18181818181818,0.10918270457874645,636.9974613189697,34.54545454545455,0.4362453113902699,20.992517471313477,63.63636363636363,4.8724564639004795,63.63636363636363,53.159063512628734
56.36363636363636,0.03636533563787287,4.999876022338867,56.36363636363636,0.5636778744784269,22.000551223754883,58.18181818181818,0.12726783752441406,670.9504127502441,34.54545454545455,0.4727493632923473,22.998332977294922,63.63636363636363,4.7106569463556465,63.63636363636363,50.99451325156472
56.36363636363636,0.036378340287642044,4.999876022338867,56.36363636363636,0.5090626803311434,18.99862289428711,58.18181818181818,0.12703375382856888,659.0104103088379,34.54545454545455,0.43630166487260297,20.996809005737305,63.63636363636363,4.582387750799006,63.63636363636363,51.14087191495029
56.36363636363636,0.03638267517089844,4.0416717529296875,56.36363636363636,0.5271868272261186,19.997835159301758,58.18181818181818,0.10905265808105469,622.9586601257324,34.54545454545455,0.4726930098100142,22.99976348876953,63.63636363636363,4.708775607022373,63.63636363636363,51.14188194274902
56.36363636363636,0.03659941933371804,4.986763000488281,56.36363636363636,0.5090323361483488,18.95451545715332,58.18181818181818,0.12704675847833807,638.9689445495605,34.54545454545455,0.4544951698996804,21.99721336364746,63.63636363636363,4.691518436778675,63.63636363636363,51.88563520258123
56.36363636363636,0.036400014703924004,4.997968673706055,56.36363636363636,0.5453499880704012,20.9958553314209,58.18181818181818,0.10909167203036221,625.9558200836182,34.54545454545455,0.4544865001331676,22.002220153808594,63.63636363636363,4.615406556562944,63.63636363636363,51.25333612615412
56.36363636363636,0.036378340287642044,4.999876022338867,56.36363636363636,0.5462082949551669,19.999265670776367,58.18181818181818,0.10908733714710582,626.9559860229492,34.54545454545455,0.5090930245139382,24.969816207885742,63.63636363636363,4.726795716719194,63.63636363636363,51.56014615839178
56.36363636363636,0.03577145663174716,3.9970874786376953,56.36363636363636,0.5636258558793501,20.98870277404785,58.18181818181818,0.12725916775790128,634.9875926971436,34.54545454545455,0.47268000516024505,22.998332977294922,63.63636363636363,4.689134250987659,63.63636363636363,53.12436710704456
56.36363636363636,0.018817728215997868,4.999876022338867,56.36363636363636,0.5273905667391691,21.006345748901367,58.18181818181818,0.10890093716708096,617.9678440093994,34.54545454545455,0.45436512340198865,21.987199783325195,63.63636363636363,4.657311873002486,63.63636363636363,50.79253803599965
56.36363636363636,0.036356665871360085,4.033327102661133,56.36363636363636,0.5273905667391691,19.006013870239258,58.18181818181818,0.10911334644664418,630.9559345245361,34.54545454545455,0.4544951698996804,21.99578285217285,63.63636363636363,4.706634174693715,63.63636363636363,49.92510622197931
56.36363636363636,0.03636533563787287,5.010843276977539,56.36363636363636,0.5460175600918856,21.99840545654297,58.18181818181818,0.10887926275079901,624.9680519104004,34.54545454545455,0.47267567027698865,22.998809814453125,63.63636363636363,4.63488752191717,63.63636363636363,51.79750702597878
56.36363636363636,0.03637400540438565,4.999876022338867,56.36363636363636,0.5280277945778586,20.042896270751953,58.18181818181818,0.10913502086292613,655.9536457061768,34.54545454545455,0.4908171567049893,23.99468421936035,63.63636363636363,4.762775247747247,63.63636363636363,51.30694562738592
56.36363636363636,0.017955086447975853,5.011081695556641,56.36363636363636,0.5272388458251953,19.99807357788086,58.18181818181818,0.1272504979913885,640.9225463867188,34.54545454545455,0.4725282842462713,22.987842559814453,63.63636363636363,4.726279865611683,63.63636363636363,52.32501029968262
56.36363636363636,0.05456317554820667,3.9985179901123047,56.36363636363636,0.5272041667591442,19.996166229248047,58.18181818181818,0.10907433249733665,619.9581623077393,34.54545454545455,0.4363320090553977,20.99752426147461,63.63636363636363,5.325997959483754,63.63636363636363,58.324072577736594
56.36363636363636,0.03638701005415483,4.001140594482422,56.36363636363636,0.5454323508522727,19.995927810668945,58.18181818181818,0.12709444219415839,639.9643421173096,34.54545454545455,0.4726453260941939,22.9952335357666,63.63636363636363,4.821642962369052,63.63636363636363,52.72025628523394
56.36363636363636,0.036334991455078125,4.000663757324219,56.36363636363636,0.5090366710316051,19.000530242919922,58.18181818181818,0.12781836769797586,630.9256553649902,34.54545454545455,0.4719300703568892,23.00262451171875,63.63636363636363,4.747655174948953,63.63636363636363,53.01133069125088
56.36363636363636,0.03604455427689986,5.016565322875977,56.36363636363636,0.5636041814630682,20.999431610107422,58.18181818181818,0.14543533325195312,657.9210758209229,34.54545454545455,0.4543477838689631,21.9881534576416,63.63636363636363,4.5827692205255675,63.63636363636363,51.14114501259544
56.36363636363636,0.036356665871360085,4.9686431884765625,56.36363636363636,0.6179419430819425,20.997285842895508,58.18181818181818,0.1090483231977983,648.9982604980469,34.54545454545455,0.45459053733132104,22.001028060913086,63.63636363636363,4.746068607677112,63.63636363636363,52.72261012684215
56.36363636363636,0.03632632168856534,5.001544952392578,56.36363636363636,0.5455754019997336,21.00682258605957,58.18181818181818,0.1272504979913885,628.9541721343994,34.54545454545455,0.4365617578679865,21.998882293701172,63.63636363636363,4.869916222312234,63.63636363636363,50.108012286099516
56.36363636363636,0.036378340287642044,3.999948501586914,56.36363636363636,0.5280061201615767,20.04075050354004,58.18181818181818,0.1091046766801314,634.9568367004395,34.54545454545455,0.4729054190895774,22.99809455871582,63.63636363636363,4.782871766523881,63.63636363636363,51.04893337596546
56.36363636363636,0.036378340287642044,3.996610641479492,56.36363636363636,0.5636085163463246,21.956205368041992,58.18181818181818,0.12803944674405185,638.9102935791016,34.54545454545455,0.471938740123402,22.956132888793945,63.63636363636363,4.749120365489613,63.63636363636363,52.701230482621625
56.36363636363636,0.0362396240234375,5.00941276550293,56.36363636363636,0.5090149966153231,18.99862289428711,58.18181818181818,0.1090960069136186,629.9560070037842,34.54545454545455,0.45551386746493255,22.04132080078125,63.63636363636363,4.672028801657937,63.63636363636363,53.2512361353094
56.36363636363636,0.0182021747935902,4.998207092285156,56.36363636363636,0.5454193462025035,20.041465759277344,58.18181818181818,0.12625347484241833,657.0100784301758,34.54545454545455,0.4547162489457564,22.008419036865234,63.63636363636363,4.727788404984908,63.63636363636363,51.687002182006836
56.36363636363636,0.036400014703924004,4.034996032714844,56.36363636363636,0.5090236663818359,18.99576187133789,58.18181818181818,0.10928674177689986,639.9440765380859,34.54545454545455,0.47188672152432526,22.953271865844727,63.63636363636363,4.818998683582653,63.63636363636363,52.122458544644445
56.36363636363636,0.03690286116166548,4.967927932739258,56.36363636363636,0.6181326779452238,23.998260498046875,58.18181818181818,0.1272504979913885,711.9090557098389,34.54545454545455,0.47272768887606537,22.998809814453125,63.63636363636363,4.712282527576793,63.63636363636363,52.4120027368719
56.36363636363636,0.018206509676846592,6.000041961669922,56.36363636363636,0.5459872159090909,21.030426025390625,58.18181818181818,0.1264355399391868,627.9697418212891,34.54545454545455,0.47334757718172943,23.033618927001953,63.63636363636363,4.834955388849432,63.63636363636363,52.81536362387917
56.36363636363636,0.0182021747935902,4.999876022338867,56.36363636363636,0.5454150113192472,20.99919319152832,58.18181818181818,0.1272548328746449,684.9625110626221,34.54545454545455,0.4909038543701172,23.999691009521484,63.63636363636363,4.6554998918013135,63.63636363636363,52.521532232111156
56.36363636363636,0.018197839910333805,4.999637603759766,56.36363636363636,0.5638079209761186,22.009849548339844,58.18181818181818,0.1270380887118253,674.9966144561768,34.54545454545455,0.47272335399280896,22.99952507019043,63.63636363636363,4.854111237959429,63.63636363636363,50.30570030212402
56.36363636363636,0.03638701005415483,5.000829696655273,56.36363636363636,0.5088416012850675,19.98734474182129,58.18181818181818,0.10968988591974432,690.9615993499756,34.54545454545455,0.45371489091352984,20.95508575439453,63.63636363636363,5.149715596979315,63.63636363636363,56.6277720711448
56.36363636363636,0.05398230119185014,6.00123405456543,56.36363636363636,0.6368463689630682,24.027109146118164,58.18181818181818,0.14543533325195312,819.908618927002,34.54545454545455,0.49091685901988635,24.998903274536133,63.63636363636363,5.002026124434037,63.63636363636363,54.35742464932528
56.36363636363636,0.03632198680530895,5.000114440917969,56.36363636363636,0.5454193462025035,20.001649856567383,58.18181818181818,0.10909167203036221,653.9559364318848,34.54545454545455,0.43631466952237213,20.998716354370117,63.63636363636363,5.400046435269442,63.63636363636363,59.594830599698156
56.36363636363636,0.03637400540438565,5.952596664428711,56.36363636363636,0.7098718123002485,27.010202407836914,58.18181818181818,0.10906132784756747,663.9511585235596,34.54545454545455,0.45475092801180755,22.002220153808594,63.63636363636363,4.999581250277433,63.63636363636363,54.214438525113195
56.36363636363636,0.036356665871360085,4.999399185180664,56.36363636363636,0.9812051599675958,30.954360961914062,58.18181818181818,0.14461604031649503,931.9684505462646,34.54545454545455,0.5999435078014027,28.99765968322754,63.63636363636363,7.291806827891957,63.63636363636363,82.4837251143022
